time,seconds_elapsed,yaw,qx,qz,roll,qw,qy,pitch
1726406894850400000,0.06139990234375,-2.707669597084061,-0.08951464622452995,-0.9715794373558757,-0.2027472189412449,0.20970429359189122,-0.06359719712238814,0.08614274525010969
1726406894860398000,0.071398193359375,-2.7086917804495525,-0.0899429015359188,-0.9716364443192659,-0.2037123787786004,0.20914062453667434,-0.06397810597962587,0.08681449849550502
1726406894870396200,0.081396240234375,-2.709715792925601,-0.09057135130219292,-0.9716835143228901,-0.2049875551778924,0.20859026483233645,-0.06417156040435214,0.08703412845859711
1726406894880394000,0.09139404296875,-2.7107234674480893,-0.09138490897188041,-0.9717181876207502,-0.20656502175026342,0.2080575823515713,-0.06422385623174466,0.08689765425491275
1726406894890392000,0.10139208984375,-2.711663115305311,-0.09234125672373451,-0.9717338958134561,-0.20840949526143676,0.20755709998125707,-0.0642379596477268,0.08662051864491317
1726406894900390000,0.111389892578125,-2.712549122802633,-0.09349414006654144,-0.9717240594164849,-0.21065902256382218,0.20707049492487883,-0.06428889450304325,0.08632956817224156
1726406894910388000,0.121387939453125,-2.7134094402871654,-0.09479431156791301,-0.9716961467665225,-0.2132074589207903,0.2065884201273086,-0.06435761812752322,0.08601129686495995
1726406894920386000,0.131385986328125,-2.7141919169926765,-0.09605501998226436,-0.9716591496994076,-0.21571041016086093,0.20613787931251434,-0.0644908786521722,0.08583049331782969
1726406894930384000,0.1413837890625,-2.714911272447028,-0.09712880001710159,-0.971626990956687,-0.21789320504709198,0.20571264976580578,-0.06472552622976684,0.08592257519209208
1726406894940382000,0.1513818359375,-2.7156272716109586,-0.097967132236001,-0.9716108095909194,-0.21965757426062488,0.2052848939444228,-0.06506181278457436,0.08631431248126044
1726406894950380000,0.161380126953125,-2.7164150357851367,-0.09861124505811292,-0.9716167846588315,-0.22106336909893987,0.2048212377912933,-0.06545916351337408,0.08691648281663293
1726406894960377900,0.1713779296875,-2.717348124317783,-0.09913537396610582,-0.9716468591481988,-0.2222427831810365,0.20428571250580468,-0.06589381178159351,0.08765937122488464
1726406894970376000,0.1813759765625,-2.718474745831837,-0.09958741065266563,-0.9717042788871445,-0.22325650919561627,0.20366196576351933,-0.066294089498122,0.08838720480766234
1726406894980374000,0.1913740234375,-2.7196849357929875,-0.0999513757030525,-0.9717832562482295,-0.22403735993527982,0.20301717810940426,-0.06656630912403279,0.08890944706150551
1726406894990371800,0.201371826171875,-2.72080942804428,-0.10018804874013479,-0.9718729769696965,-0.22448619768815303,0.20244526121383938,-0.06664170350721989,0.0890871437111741
1726406895000370000,0.211369873046875,-2.721858197145828,-0.10031838067717555,-0.9719696044497432,-0.2246784554383677,0.20193034032927237,-0.06659952979882368,0.08906850742888699
1726406895010369000,0.221369140625,-2.722908076535557,-0.1004791876944211,-0.9720580554721673,-0.22498235559375776,0.20139760979791674,-0.06667785481037827,0.08927549738001081
1726406895020366800,0.231366943359375,-2.7239175332219134,-0.1009155683615903,-0.9721012950852304,-0.2259814834881185,0.20082666725903686,-0.06710909227571973,0.09006229960882282
1726406895030365000,0.241364990234375,-2.724871300587359,-0.10176049040735584,-0.9720773574632675,-0.22800773826666562,0.20019653206748078,-0.06805686433473436,0.09169732974452097
1726406895040363000,0.251363037109375,-2.7257629958537875,-0.10295604598058027,-0.9719867314403464,-0.230969322009692,0.19950268947013738,-0.06957330836997094,0.09430838448399521
1726406895050360800,0.26136083984375,-2.726670062322609,-0.10443623342755255,-0.9718452592776218,-0.23468930014729358,0.19871944981353015,-0.07155667657577272,0.09773252222509232
1726406895060359000,0.27135888671875,-2.7274938631837866,-0.10616386900725079,-0.9716521375367634,-0.2390211632058828,0.19791803914012246,-0.07382311104126378,0.1016120449990685
1726406895070357000,0.28135693359375,-2.728055650316799,-0.10797302521658915,-0.9714145688499956,-0.2435526914820598,0.19722272782691994,-0.07614928523476987,0.10555146533556867
1726406895080354800,0.291354736328125,-2.728381806344947,-0.10958321041463433,-0.9711683638929585,-0.24769143877354866,0.19664758166976934,-0.07844274766723762,0.10948226791389157
1726406895090353000,0.301352783203125,-2.7288331566522768,-0.11074163092882021,-0.9709731398760243,-0.25094701343545656,0.1960202112425076,-0.08076817585622009,0.11367693537804306
1726406895100351000,0.31135107421875,-2.729606282350687,-0.11146051155957405,-0.9708350222231581,-0.25343098110393575,0.19521018155541014,-0.0833599558371435,0.11861905127665842
1726406895110349000,0.32134912109375,-2.7302979841293644,-0.11191458144693237,-0.9706881450849897,-0.2555556070926372,0.1943903907748735,-0.08632449018721039,0.12439867746953344
1726406895120347100,0.33134716796875,-2.73083066062938,-0.11206656913442993,-0.9705189108197599,-0.2573017762830143,0.19358310147673713,-0.08977559091047903,0.1312459007236097
1726406895130345200,0.34134521484375,-2.7317008787473065,-0.11230127309160313,-0.9703317628475117,-0.25939446085217693,0.19252012149237546,-0.09370548889627994,0.13905804602300906
1726406895140343000,0.351343017578125,-2.7328556908833246,-0.11288114898101723,-0.970104342367689,-0.2622566434922479,0.1912413493704311,-0.09788900711328782,0.14728191026642143
1726406895150341000,0.361341064453125,-2.7336441628654775,-0.11368685686266275,-0.9698000829815956,-0.2655982271554896,0.19010787634020498,-0.10208939195529901,0.15541191983373717
1726406895160339200,0.371339111328125,-2.7335507569185493,-0.11449866109373415,-0.9694027578650005,-0.2689733869238944,0.1894088257552273,-0.10617310064264848,0.16319834443227166
1726406895170337000,0.3813369140625,-2.73227921498054,-0.11517533165039796,-0.9689053112499262,-0.272113299098434,0.18931051312923725,-0.11008518933736076,0.17054193493007172
1726406895180335900,0.3913359375,-2.7295269153413795,-0.11550795376168545,-0.9683020708092389,-0.27464302355631687,0.18997983861022333,-0.11382780274034467,0.17748132877382866
1726406895190334200,0.401334228515625,-2.72496352939555,-0.1151982210336047,-0.967582396632964,-0.27606237387019356,0.19158785726520766,-0.11750712769851468,0.18429599485430845
1726406895200332000,0.41133203125,-2.718837564878955,-0.11419076628187981,-0.9667688290098274,-0.27626574520158376,0.19401739400058818,-0.12114377634556159,0.19108683908916768
1726406895210330000,0.421330078125,-2.711923277870268,-0.11304646903442496,-0.9658811166788264,-0.27627193443205944,0.19685475471699684,-0.12466950335266237,0.1976079214148703
1726406895220328200,0.431328125,-2.7052955338902085,-0.11247497104743986,-0.9649485653036514,-0.2774172712804879,0.19949481109573147,-0.1281624371647737,0.20387335168466134
1726406895230326000,0.441325927734375,-2.7004426912739046,-0.11320381906127407,-0.9640339625602736,-0.2810865032289846,0.2010967686102093,-0.13184654674941063,0.21022428617130776
1726406895240324000,0.451323974609375,-2.6971587091023803,-0.11525355945888274,-0.9631008038047941,-0.28740487123611325,0.20171735049711376,-0.13588084194437097,0.21693411307631325
1726406895250322200,0.461322265625,-2.6949461116473667,-0.11819940037944413,-0.9621555148813726,-0.2954787186722951,0.20166795506626167,-0.1400564961183231,0.22369923690282484
1726406895260320000,0.471320068359375,-2.6932228228373436,-0.12126385723775295,-0.9612348290436888,-0.3037250409953691,0.20134815364028052,-0.14415796623979896,0.23033820419643483
1726406895270318000,0.481318115234375,-2.6914617352008916,-0.12446408911981588,-0.9602839868457599,-0.3122308588197913,0.2010138996699506,-0.14817798266733248,0.2367534315955143
1726406895280316200,0.491316162109375,-2.6896722558841955,-0.1274992499133933,-0.9593418664787001,-0.32037469694332393,0.2007053133787209,-0.15206697397409358,0.24297250133965276
1726406895290314000,0.50131396484375,-2.687877806358062,-0.12955835296649848,-0.9585142138245484,-0.326499700044706,0.20052875170453408,-0.15573477461171778,0.24915758016163503
1726406895300312000,0.51131201171875,-2.6865297502111716,-0.13045257208499203,-0.9578903569249887,-0.33010227740273446,0.2003301059755175,-0.15904712662316528,0.25519310298050973
1726406895310310100,0.52131005859375,-2.6855103527633375,-0.1302451501177088,-0.9574602059022325,-0.3312948617683932,0.20018116199043298,-0.16196778954341756,0.2609620779515341
1726406895320308000,0.531307861328125,-2.6846527770305446,-0.12921473919186297,-0.9571800782617269,-0.3306335689563055,0.20014516456262205,-0.1644746628516973,0.2662758115719945
1726406895330306000,0.54130615234375,-2.6839942507729093,-0.12760602053816902,-0.9570325581070843,-0.32856997056019777,0.20019191559536265,-0.16651955670668994,0.27094064754007263
1726406895340305200,0.55130517578125,-2.683622516225158,-0.12562673157270574,-0.9570031895273935,-0.3255042343881209,0.2002553539821543,-0.1681087783740019,0.2748955633184389
1726406895350303000,0.561302978515625,-2.683398481715595,-0.12366494031699425,-0.9570179256199718,-0.32230287556686665,0.20031814085896035,-0.16939994875010628,0.27827031543989444
1726406895360301000,0.571301025390625,-2.68319593520424,-0.12201326272448294,-0.956998132177375,-0.319710825961193,0.20033565053428623,-0.17068391965404803,0.2815044258019598
1726406895370299100,0.581299072265625,-2.6830600440783554,-0.12069732410199226,-0.9569081472313025,-0.31792619600707306,0.20021269979704207,-0.1722614793475758,0.28519705488315944
1726406895380297000,0.591296875,-2.6828473693524804,-0.11952393236246152,-0.9567193960840692,-0.31671188398130495,0.19998605569553254,-0.17437786570200986,0.2898986787197344
1726406895390295000,0.601294921875,-2.682319266547255,-0.1182234845599202,-0.9564151998340701,-0.3156292860036166,0.1997786245414555,-0.1771486224441921,0.2959181548742541
1726406895400293000,0.611293212890625,-2.681521560270278,-0.11665444668828039,-0.9560124852947051,-0.3143775973589835,0.19959519048671098,-0.18053723071456382,0.30325091805097376
1726406895410291000,0.621291015625,-2.6806773803032757,-0.11503756632463084,-0.9555346931778717,-0.31326249306163184,0.1993437933816513,-0.18434188909222587,0.3114362297652711
1726406895420289000,0.6312890625,-2.680042044067409,-0.11357593552204165,-0.9550243909009413,-0.3125097128410804,0.1989344740059791,-0.1882923100681757,0.3198868572346541
1726406895430287000,0.641287109375,-2.6796584628149183,-0.11224735548180087,-0.9545350878299677,-0.31190150446546916,0.19842334033027967,-0.1920716874700372,0.3279820879527193
1726406895440285000,0.651284912109375,-2.679237092139685,-0.11075910206891995,-0.9540999788169156,-0.3107830686551235,0.1980469106377117,-0.19545642780339587,0.33534921416084745
1726406895450283000,0.661282958984375,-2.6785624898442,-0.10899668821669217,-0.9537328480121969,-0.3088859416665833,0.1979628648768127,-0.1983034471615768,0.3417139432733963
1726406895460281000,0.671281005859375,-2.6774366802417666,-0.10715986853145582,-0.9534177614673758,-0.306586225702628,0.19826043677296032,-0.2005095834565293,0.3467549242432806
1726406895470279000,0.68127880859375,-2.6763304093863995,-0.10534434623617497,-0.9531750642128766,-0.3040669084704235,0.1986681740982522,-0.20221455197391075,0.35078445690767707
1726406895480277000,0.691277099609375,-2.6754231731655036,-0.10370769399312853,-0.9529543725858222,-0.30179909333134136,0.19898878567823872,-0.20377987523146923,0.3544904156050259
1726406895490274800,0.70127490234375,-2.674911399264362,-0.10232163772743695,-0.9527165745154362,-0.30006490590031665,0.19903757329705618,-0.20553734988072486,0.3585384301161929
1726406895500273000,0.71127294921875,-2.674302800110252,-0.10054743596984804,-0.9524584721434349,-0.29768133381926815,0.19915235398420392,-0.20748831474522306,0.3631274640562622
1726406895510271000,0.72127099609375,-2.6719917891791325,-0.09666697257479592,-0.9521990577788012,-0.2913172229964308,0.2004750577459719,-0.20924200315676791,0.3679693344756696
1726406895520270000,0.73127001953125,-2.665985712609809,-0.0889714858252393,-0.9519133559635363,-0.2776272431426074,0.20438352401959248,-0.21017278646186965,0.3723055039313825
1726406895530268000,0.741267822265625,-2.655012451034813,-0.07787220405291667,-0.9513452750319598,-0.25767054242653087,0.21140116412171242,-0.21020832946504134,0.37582153807661556
1726406895540266000,0.751265869140625,-2.640520084132803,-0.06626660260225417,-0.9503208284047726,-0.2371838086756187,0.22022726901856743,-0.20975975064031963,0.3784608690490415
1726406895550264000,0.76126416015625,-2.6252677228076866,-0.05688054530674575,-0.9489115544052663,-0.221446574300892,0.22893485824402524,-0.2095715794101566,0.3808243706952943
1726406895560262000,0.771261962890625,-2.6113472429873044,-0.05084952310541151,-0.9472718986946578,-0.2127533869143755,0.23619728094457532,-0.210478220662137,0.3841154272142774
1726406895570260000,0.781260009765625,-2.600076910630755,-0.04810061450058025,-0.9455855165097233,-0.21091287277582998,0.24135406022638545,-0.2128439607722181,0.38904588861777245
1726406895580258000,0.791258056640625,-2.590977730937689,-0.04807976780800761,-0.9438708308219252,-0.21487744194506236,0.24473210702558523,-0.21656951516298772,0.39552636726308327
1726406895590255900,0.801255859375,-2.5823868780181725,-0.05048340046218055,-0.941971968090399,-0.22429679045271875,0.24715157504631924,-0.2214869082562233,0.40314681053739504
1726406895600254000,0.81125390625,-2.572424830309143,-0.05566890946863833,-0.9396633625623654,-0.24020815584755872,0.24938789584979057,-0.22746336530037886,0.41120228147409077
1726406895610251800,0.821251708984375,-2.5598118295865584,-0.06345933122151125,-0.9368933576763391,-0.2620501327152621,0.2522012576890077,-0.23366258409289092,0.4178811051124258
1726406895620250000,0.83125,-2.5445468181575923,-0.0735006982802398,-0.9337192266561073,-0.28872302598211763,0.2558028142315622,-0.2394387303873783,0.4219428984380947
1726406895630248200,0.841248291015625,-2.5267019152202512,-0.08653359792328785,-0.9298920601695395,-0.32217728608271523,0.2598111779010493,-0.24558256817814236,0.42439087467485415
1726406895640246000,0.85124609375,-2.505835799802667,-0.1020466759840479,-0.9251584613726141,-0.3618526582433038,0.2643534358389403,-0.2525580506531135,0.42614061338236064
1726406895650244000,0.861244140625,-2.4796218640043266,-0.12054677626691876,-0.9189250201726061,-0.4096542141086112,0.2701809863224083,-0.2608590953900938,0.42715268596875344
1726406895660242200,0.8712421875,-2.444360099037348,-0.1407993442339419,-0.9103465157473248,-0.4649806528902214,0.27867789666714005,-0.27163090805457946,0.4291314589514402
1726406895670240000,0.881239990234375,-2.397748263461954,-0.1611144440691161,-0.8987890539640107,-0.5264435812601519,0.2904258045217706,-0.2861348543676747,0.4342897228461274
1726406895680238000,0.891238037109375,-2.340538716674835,-0.18051895807797766,-0.8842301031791218,-0.5927075004952022,0.3047910231125641,-0.30438860680793045,0.44256419571041766
1726406895690237000,0.90123681640625,-2.275183982289821,-0.19848660286127875,-0.8670672613500965,-0.6621907128686118,0.32068466476103596,-0.32551297785657785,0.452460842208928
1726406895700235000,0.911235107421875,-2.2047067266783813,-0.21516037345259686,-0.8479246591682822,-0.733249168863644,0.3373260065219434,-0.3477655652917532,0.46072722105978536
1726406895710233000,0.921233154296875,-2.1342485940883873,-0.2303987099496856,-0.8281018531837908,-0.8015713157172629,0.35396070498284365,-0.36861308773171964,0.4638495216151155
1726406895720231200,0.931231201171875,-2.0648111978073382,-0.24491339653346061,-0.80788159196667,-0.8653005480432231,0.3716578161240871,-0.3862839662227714,0.45793348561987196
1726406895730229000,0.94122900390625,-1.9920836808998592,-0.2599643461826696,-0.7856432529754905,-0.9281230010419651,0.3919602819251309,-0.4019332629979298,0.4420141612624354
1726406895740227000,0.95122705078125,-1.9144798514708925,-0.27621518140402823,-0.7601265658772389,-0.9924239291050381,0.41495842782132264,-0.41680009707135973,0.41632927827473604
1726406895750225200,0.96122509765625,-1.8324730828127658,-0.29294025017970377,-0.7309327984615182,-1.056166872512528,0.44068041023421933,-0.4309570749912854,0.38096371216209407
1726406895760223000,0.971222900390625,-1.7505715494282945,-0.30850897191554394,-0.6994315974014125,-1.1127122374779872,0.4684981281298606,-0.4428623430838618,0.3367613333265373
1726406895770221000,0.981220947265625,-1.6736198044135215,-0.32360525270469215,-0.6667314496861293,-1.1611505155433541,0.49656726503470405,-0.4518513835011311,0.2849854678889689
1726406895780219100,0.99121923828125,-1.6045586065768334,-0.33973241687824857,-0.6332685814829843,-1.2037450689902527,0.5232820728708075,-0.4579613800142186,0.22640255063963843
1726406895790217000,1.001217041015625,-1.5429605232966965,-0.3563891345627389,-0.5993788024151734,-1.2403691587159378,0.548471166473275,-0.4614231184226188,0.1629158617717165
1726406895800215000,1.011215087890625,-1.4867960571036574,-0.373034475371159,-0.5648759470047626,-1.2709159477565037,0.5726675388277054,-0.4623985214979718,0.09529027990132027
1726406895810213000,1.021213134765625,-1.4334840324909357,-0.3893661110258528,-0.5291242593099529,-1.2958748313580994,0.5964272657095451,-0.4611899047268502,0.023598593818202913
1726406895820211200,1.031211181640625,-1.3809373799794602,-0.40520170774205244,-0.4915046758109783,-1.316476213248569,0.6197174394368962,-0.45845949102361305,-0.051574022948839865
1726406895830209000,1.041208984375,-1.327192514750223,-0.4200029925609924,-0.45167840306301804,-1.3321127682457523,0.6428078325564323,-0.4542930576857172,-0.12993904426462147
1726406895840207000,1.05120703125,-1.270090132350968,-0.43241045243283266,-0.4100635519347127,-1.3408220857032571,0.6658375705897305,-0.4489203664832017,-0.20918066014766956
1726406895850205200,1.061205078125,-1.2093157759203483,-0.4415494215495628,-0.36789936567839354,-1.342469946693024,0.687932209514563,-0.44320825989292567,-0.2852528189898212
1726406895860203000,1.071203125,-1.1458374469953874,-0.44751351331056816,-0.32638309412601696,-1.3371596040589224,0.7084972786662443,-0.4373068966019609,-0.35614640232045586
1726406895870201000,1.081201171875,-1.080267298955525,-0.45098932190782515,-0.28594725410795224,-1.3246378913786967,0.727574791902114,-0.4306713781190358,-0.4224083740480821
1726406895880200200,1.0912001953125,-1.0129066910524211,-0.45267916602366465,-0.2468238884006512,-1.30410481605889,0.7454166520258667,-0.42250872190239036,-0.48510210359622863
1726406895890198000,1.101197998046875,-0.9437529334513288,-0.45307706323625835,-0.20928540235933596,-1.2746609000077604,0.7622316466106152,-0.41221820624968397,-0.5446945241619051
1726406895900196000,1.111196044921875,-0.8721831543484682,-0.4523718044354858,-0.17338320159311496,-1.2365565932140887,0.7779827733225813,-0.4000508978494996,-0.6006159491670495
1726406895910194200,1.121194091796875,-0.7974858611184455,-0.4503882802234868,-0.13887503357822437,-1.192910237064612,0.7921383907650342,-0.38778957343480547,-0.6508101004989322
1726406895920192000,1.13119189453125,-0.7190272021323102,-0.4464654150821312,-0.10569076641596918,-1.1463792561014488,0.8045261967897169,-0.3771415514214809,-0.6927627180174885
1726406895930190000,1.141190185546875,-0.6367397637442183,-0.44007063798844914,-0.07378922824124827,-1.0984941316973558,0.8153559118894814,-0.3689008446451567,-0.7250683157535253
1726406895940188200,1.151188232421875,-0.5522583747538838,-0.4314643690328361,-0.04324509034154893,-1.0505613199199904,0.8247926933825179,-0.36288492813213313,-0.7482419136761523
1726406895950186000,1.16118603515625,-0.46933376638991803,-0.42157852003832097,-0.01471232490195528,-1.0040830503611737,0.8328534700351367,-0.358343589131067,-0.7638156335643892
1726406895960184000,1.17118408203125,-0.392894088051134,-0.4111262817155417,0.009707173040763075,-0.957704419767869,0.8402365776084535,-0.35338849985535065,-0.7722482023770152
1726406895970182100,1.18118212890625,-0.32762645512308136,-0.4012682608485448,0.0284255365503193,-0.910955897686047,0.8474293498946013,-0.34646678521623364,-0.7751034960887179
1726406895980180000,1.191179931640625,-0.2770856998165247,-0.39298063585133935,0.04041468866694891,-0.8642855354418615,0.8546907867596795,-0.33680323569663917,-0.7739666480141206
1726406895990178000,1.201177978515625,-0.239442292221215,-0.3862926039912221,0.04669277724757753,-0.8174680438167345,0.8621416791890311,-0.32451427739500527,-0.770344969189212
1726406896000176000,1.211176025390625,-0.21096835286214247,-0.38061128098683683,0.04895914061464661,-0.7706234483994429,0.8697256789939195,-0.3103471847446919,-0.7648703596636336
1726406896010174000,1.221174072265625,-0.18891191346047442,-0.37522787603909974,0.04886822385422245,-0.7264290586620376,0.8770299615743969,-0.2960311964366932,-0.7574972649993033
1726406896020172000,1.231172119140625,-0.17149446965352552,-0.3694238543640493,0.04769503885006037,-0.6882053710414953,0.8836882639344813,-0.2834541077330273,-0.7476941142359106
1726406896030170000,1.241170166015625,-0.1573933643868994,-0.36238919208966575,0.04613780542465068,-0.657730619554399,0.8897071903971822,-0.2737998572507948,-0.7343510305016251
1726406896040168000,1.25116796875,-0.1479802864074247,-0.3543200576272154,0.04390916627560293,-0.6367801667086032,0.894930524440982,-0.2676354061518895,-0.7177440575866879
1726406896050166000,1.261166015625,-0.14551160551526043,-0.3460834007045125,0.0403877126324282,-0.6269037547481517,0.8990262927659494,-0.2652301087593257,-0.6993236360955122
1726406896060164000,1.2711640625,-0.1519907002969019,-0.33871153835860646,0.03463088189540403,-0.6273270679729744,0.9018725879623348,-0.26589649521914027,-0.680736793206855
1726406896070162200,1.281162109375,-0.16891526450078473,-0.3332772480930754,0.025877166857822115,-0.6367995031246074,0.9033254169589519,-0.2688119889186808,-0.6636900774478752
1726406896080161000,1.2911611328125,-0.19716806181401553,-0.3306120540535296,0.013707408006741854,-0.6544328992216184,0.9031942307092589,-0.27340085431635264,-0.6494004861784257
1726406896090159000,1.3011591796875,-0.2357812810535995,-0.3306009158839317,-0.0017598378953591896,-0.6786138614805837,0.9015481617135142,-0.2791252164227046,-0.6374185275230323
1726406896100157000,1.311156982421875,-0.2833533989548917,-0.33285832615888294,-0.020199332086539422,-0.7079450980056682,0.8984591315816356,-0.28560212413625463,-0.6268311188124227
1726406896110155000,1.321155029296875,-0.33593018060350954,-0.3368796500055464,-0.04023160976995921,-0.7396189220153668,0.8941733045621999,-0.2921431080754319,-0.6174413180625462
1726406896120153000,1.331153076171875,-0.3892660099661997,-0.34186103490402897,-0.060461066984577955,-0.7706122701534642,0.8891727316133708,-0.29807269131296193,-0.60882433699165
1726406896130151000,1.34115087890625,-0.44237275018053956,-0.34754065804326256,-0.08055851752911562,-0.8001588783525161,0.8836309670377689,-0.303186573173409,-0.6008536966019454
1726406896140149000,1.35114892578125,-0.49618218483667853,-0.35442876683814745,-0.1009193734127027,-0.8266209090510095,0.8776889891891306,-0.3063618426875874,-0.5947730138340027
1726406896150147000,1.36114697265625,-0.5465181860263453,-0.36211036305558986,-0.11917046487628999,-0.8520862762493308,0.8712838926861879,-0.3090935316645211,-0.5911692426838825
1726406896160145200,1.371145263671875,-0.5946104962924397,-0.3702196045665349,-0.13575152169345306,-0.8788582800137067,0.8642463394296973,-0.3123895470007524,-0.5884917969256424
1726406896170143200,1.381143310546875,-0.6434269826470054,-0.37886645474958036,-0.15195273762289097,-0.9081327711186439,0.8563094651760461,-0.3163931583868573,-0.5856008869414365
1726406896180141300,1.391141357421875,-0.6937084829102125,-0.3890797001271859,-0.16723458205872452,-0.9416544521436326,0.847016578516647,-0.32126705739681466,-0.5843531600917138
1726406896190139100,1.40113916015625,-0.7423127110660401,-0.4003519831462705,-0.18000007336472862,-0.9806460379277964,0.8364662280835001,-0.32808922389838757,-0.5843407740635951
1726406896200137200,1.41113720703125,-0.7864412144468197,-0.41120150013576295,-0.19013075255753537,-1.0222833585473587,0.8254910587341562,-0.3366425857669404,-0.5834112274141819
1726406896210135000,1.421135009765625,-0.8262447534724132,-0.42169394785941805,-0.19832310561624739,-1.0617936679846713,0.8149022776819131,-0.344639684159196,-0.5830573040389778
1726406896220133000,1.431133056640625,-0.858777503769337,-0.43029304406448127,-0.20499106400155728,-1.0932376476825303,0.8061639022706291,-0.3506086701993071,-0.5824003393721598
1726406896230131200,1.441131103515625,-0.8863943754016226,-0.437700010882962,-0.21090411946574517,-1.116657278682724,0.7991655542140965,-0.35393878478851837,-0.5827177998084758
1726406896240129000,1.45112890625,-0.9141491806312131,-0.4450002340242939,-0.21730569666354235,-1.136883250315201,0.7926068715363406,-0.3557069764086888,-0.5833538049379776
1726406896250127000,1.461127197265625,-0.9463816676213992,-0.4530302700939011,-0.2253052966625459,-1.1581417431931162,0.7852507897484263,-0.3569066795497052,-0.5831532983170843
1726406896260125200,1.471125244140625,-0.986827801673489,-0.4626103613089982,-0.2360279435703488,-1.1817232476941966,0.7763564042499622,-0.35714605112558256,-0.5820148108656619
1726406896270123000,1.481123046875,-1.0362451686710727,-0.4737891509257934,-0.24981088628373804,-1.2071891671656034,0.7657489552472055,-0.3560154319607319,-0.5796534568389419
1726406896280121000,1.49112109375,-1.0932930763188133,-0.48624689877162813,-0.26641920220993714,-1.231610940170558,0.7539564010063768,-0.3523273444524517,-0.5769669459975413
1726406896290119200,1.501119140625,-1.154593771640191,-0.49903486652434803,-0.2848966728343537,-1.2537739090707856,0.7414588236050902,-0.34646331800042335,-0.5735472933448634
1726406896300117000,1.511116943359375,-1.2229173244976923,-0.5135928507675077,-0.30530261981172246,-1.2702779297635758,0.7286779400385884,-0.33472546814614446,-0.5753189654277019
1726406896310115000,1.521114990234375,-1.2989783129416261,-0.5303723436323177,-0.326454335513275,-1.2866252652134875,0.7145078833533257,-0.3187652053741678,-0.5821078725377289
1726406896320114200,1.5311142578125,-1.3795242008634452,-0.5500014718653432,-0.3444433197248458,-1.3139312767253961,0.6976669119476486,-0.30350953335434605,-0.5923979726501961
1726406896330112300,1.5411123046875,-1.4583796151253965,-0.5716578296093263,-0.35653320769408187,-1.3527364731460194,0.679536486222209,-0.29038162229384235,-0.6063395194330539
1726406896340110000,1.551110107421875,-1.5352608071400584,-0.5952865452166882,-0.36217580065572724,-1.4079714423294016,0.6594075052537122,-0.28221319972631354,-0.6195283722331275
1726406896350108200,1.561108154296875,-1.610231096183613,-0.6187759554335227,-0.3648187673986918,-1.4730595351498224,0.6375351830599157,-0.27851832552604217,-0.6258241872545958
1726406896360106000,1.57110595703125,-1.6800573698161727,-0.639041989516989,-0.36859170946041,-1.5320463021919533,0.6163240783410842,-0.27551769537072385,-0.6243953951243837
1726406896370104000,1.58110400390625,-1.7465348228604904,-0.6562096848697554,-0.3750564413933129,-1.5807993624307284,0.5960323041558738,-0.27104780427391256,-0.6174132159942841
1726406896380102100,1.59110205078125,-1.812962697620233,-0.6711760852797221,-0.3846464370461352,-1.6191872862687227,0.5763613551847667,-0.2633957574221353,-0.6077860975442716
1726406896390100000,1.601099853515625,-1.8822545698079611,-0.6856911852787783,-0.39543660907378964,-1.652730338775836,0.5566276901929157,-0.2522362473424126,-0.5990552777565407
1726406896400098000,1.61109814453125,-1.9567674443951786,-0.7016668419637989,-0.40465812630105613,-1.6897103885638498,0.535784320302797,-0.23843399166524648,-0.5930775906929631
1726406896410096000,1.62109619140625,-2.038883523730709,-0.7211690304204075,-0.40897443001232436,-1.7398101832690194,0.5127314004201505,-0.22307333594217107,-0.5908527834455596
1726406896420094000,1.631093994140625,-2.127278271388989,-0.7457452336172014,-0.4031920401156016,-1.8127761447481496,0.4880783805154743,-0.2075567428800797,-0.5951026954176489
1726406896430092000,1.641092041015625,-2.2200172513877208,-0.7740653586992348,-0.3867885277355103,-1.9078737294386214,0.4629224107576101,-0.19214670190144317,-0.604103073911307
1726406896440090000,1.651090087890625,-2.314627594985315,-0.8048289430370618,-0.3585237268005602,-2.0259647493121116,0.4382701962635986,-0.17784913927202545,-0.6162006989881178
1726406896450088000,1.661087890625,-2.4085194551664855,-0.8364166901873259,-0.31674027655682524,-2.1681105414094937,0.4155556425083312,-0.16551855917581687,-0.631433626511977
1726406896460086000,1.6710859375,-2.4968643154272927,-0.8649731755189369,-0.2649912556353855,-2.3232789827475844,0.3968819536795417,-0.15519565681687908,-0.648929063457474
1726406896470084000,1.681083984375,-2.5745276787367417,-0.8867477684536929,-0.2113371008738545,-2.4719971741212667,0.38427043753841894,-0.1461208858028881,-0.6684118488848931
1726406896480082000,1.69108203125,-2.6358067517900516,-0.8994812733900135,-0.16520816291769375,-2.592072590361178,0.3805421132421068,-0.13721332300913505,-0.6935141066945143
1726406896490080000,1.701080078125,-2.6799368852304246,-0.9041796358558817,-0.13039101044613488,-2.6768788991051213,0.385961447593802,-0.12841839178383124,-0.726781383827579
1726406896500078000,1.711078125,-2.7095767526352823,-0.903267794485034,-0.10516296531881687,-2.7331992824432336,0.39814508085073735,-0.12053501536183436,-0.7669072836168223
1726406896510076200,1.721076171875,-2.727766954511829,-0.8984523373352649,-0.08668677593659552,-2.7690382141864247,0.415113356736883,-0.11379688060770403,-0.8127633933163179
1726406896520074200,1.73107421875,-2.735820946516595,-0.8908025893299184,-0.07380908420159912,-2.7875890737582236,0.4351198773977488,-0.10813701020787539,-0.8621581264434961
1726406896530072300,1.741072265625,-2.733325313531282,-0.8817150693346882,-0.06316684860496628,-2.7965149460279184,0.4554919841199404,-0.1054297161527014,-0.9106605332155583
1726406896540070100,1.751070068359375,-2.7209159680987653,-0.8723023698030004,-0.05133181374898906,-2.803930019680734,0.474288466086244,-0.10725691216849483,-0.9552091374183251
1726406896550068200,1.761068115234375,-2.7057580261442573,-0.8630382054010844,-0.03726089896248051,-2.8155141958489125,0.4912329445056809,-0.11165541030755734,-0.996518517173866
1726406896560067000,1.771067138671875,-2.690931238268162,-0.8540781177158521,-0.02068997966747726,-2.833726196199532,0.5061667561440703,-0.11797339707927,-1.0347411270375486
1726406896570065000,1.78106494140625,-2.674951018310305,-0.8451328537038506,-0.0030467438742812886,-2.8544264013612057,0.519524836618793,-0.1258377629583239,-1.0703494385230206
1726406896580063200,1.791063232421875,-2.6583736473808064,-0.8360753315503842,0.013808493519069693,-2.8733632437909096,0.5318675759720884,-0.13380731076433755,-1.1040965912090692
1726406896590061300,1.801061279296875,-2.6468342009533368,-0.8270199520888881,0.030275888334296668,-2.8947771990429794,0.5434888094961322,-0.14050396732716175,-1.1371982673296763
1726406896600059100,1.81105908203125,-2.6499801737690554,-0.8178148959243114,0.047231293412626746,-2.926847756608843,0.5551535395600242,-0.14405744288302927,-1.1722695826135683
1726406896610057200,1.82105712890625,-2.6772976015584082,-0.8087110917180278,0.0650129699533492,-2.9782792184379216,0.5667033236104554,-0.14355105473394575,-1.209003880311028
1726406896620055300,1.83105517578125,-2.740401227641337,-0.8017090119280721,0.08465430534607359,-3.06396934458195,0.5748831220148016,-0.14001991304740882,-1.2390792315524297
1726406896630053000,1.84105322265625,-2.846354235249325,-0.797288628960397,0.10633131401544257,3.0920838934951433,0.5790159624135656,-0.13328510621004921,-1.2584996787684528
1726406896640051200,1.85105126953125,-2.983938589732636,-0.7949122891418318,0.1265903595577695,2.9415993386941306,0.5806823048187925,-0.12205451474751998,-1.2665895440388946
1726406896650049300,1.86104931640625,-3.12300846916359,-0.7941962813632575,0.14280682924376248,2.799371414701119,0.5806932625850534,-0.1079533245968809,-1.2636552086752837
1726406896660047000,1.871047119140625,3.0366906545940444,-0.7950952933622865,0.15425745109908726,2.682473868870786,0.5793200062440095,-0.09174042757408077,-1.2517421240637971
1726406896670045200,1.881045166015625,2.935835870733998,-0.7975045283104405,0.16086849567923003,2.5973354761378076,0.576746257821616,-0.07397039102463812,-1.2336863593271261
1726406896680043300,1.891043212890625,2.8578190571432334,-0.8011226389996051,0.16371120354673238,2.541123469763869,0.5729724485070241,-0.0557106960393215,-1.2118951060040826
1726406896690041000,1.901041015625,2.8009144947246933,-0.8053762928028165,0.16358363119566433,2.5091604640801326,0.5684588441615284,-0.038261107041521726,-1.1894497871311267
1726406896700039200,1.9110390625,2.762697954160405,-0.8096491940328214,0.16040432271854002,2.497789912253701,0.5641157098552976,-0.022627961961663973,-1.1699495296646654
1726406896710037000,1.921037109375,2.7373478728886003,-0.8133351590153916,0.15328623662467053,2.5030901528228413,0.5611753993692137,-0.008448906970853312,-1.156593812505483
1726406896720035000,1.93103515625,2.718573286517007,-0.815832207866629,0.14118071175941338,2.5218397858315624,0.5607650492324147,0.005330855742960925,-1.1517444780323098
1726406896730033200,1.941033203125,2.701218704032665,-0.8165755068934868,0.12472642397496558,2.5485582936962063,0.5632754736727402,0.01919708130293614,-1.1558182122401706
1726406896740031000,1.951031005859375,2.6807908771420057,-0.8153037252882941,0.10609296765554724,2.575529395994334,0.5682617961108184,0.033207564685715264,-1.1669738865138246
1726406896750029000,1.961029052734375,2.6547164603590825,-0.8122387158313421,0.08826467432304717,2.5948420877922262,0.5747120462460176,0.046730853369993414,-1.1819772330627365
1726406896760027100,1.971027099609375,2.621368246600513,-0.8078012066117058,0.07401833225388252,2.5993939735188634,0.581830789182125,0.05874963811403338,-1.197993464900711
1726406896770025000,1.98102490234375,2.581830067316675,-0.8027122902212266,0.06441525305876243,2.587935980897188,0.5888879140419935,0.06866376189285626,-1.2127097083988934
1726406896780023000,1.99102294921875,2.5380550401203537,-0.7975308426705714,0.05915670266679368,2.5628880756843535,0.5954829004581929,0.07645397383873476,-1.224942737685565
1726406896790021000,2.001021240234375,2.492091355965917,-0.7925431027222715,0.0572661660465916,2.5282180305546165,0.6014966070852279,0.08244992333177655,-1.2344923289187089
1726406896800019000,2.01101904296875,2.4461008860298,-0.7878949380963854,0.057633833990733414,2.4882955674745064,0.6068933992762123,0.08706451980202252,-1.241594703333455
1726406896810017000,2.02101708984375,2.4029309304959092,-0.783827929390903,0.0592791197555817,2.4480084806341114,0.6114469583210517,0.09073222963212813,-1.2462056676052855
1726406896820015600,2.031015625,2.365050925046025,-0.7804879848033682,0.06194677013990929,2.4101528252107145,0.6150392165932349,0.09342256369003502,-1.2484255539717712
1726406896830013700,2.041013671875,2.333930213424641,-0.777927626415647,0.06556141994698227,2.3762209239402177,0.6176494735971498,0.0950757905483482,-1.2484873776777854
1726406896840011500,2.051011474609375,2.3101562883220073,-0.7762118732786837,0.06983070647112817,2.347656120151893,0.6191957411606153,0.0959975537994702,-1.246411628775955
1726406896850009600,2.061009521484375,2.2940718831849423,-0.7753856593723554,0.07485594403972963,2.3247151617308037,0.6196073431208695,0.09623119788519459,-1.2420949090321272
1726406896860007700,2.071007568359375,2.285037675373532,-0.7754646548402852,0.0803331266673929,2.3078593895814246,0.6188201380720936,0.09624380418641978,-1.2354097913038562
1726406896870005500,2.081005615234375,2.282101914475291,-0.776334156142208,0.08584090557496331,2.2970963728150067,0.6169809243534672,0.0962871047943568,-1.2268639593584543
1726406896880004600,2.091004638671875,2.2845352532010397,-0.7778482925969139,0.09162758222877718,2.2908753144422502,0.614274022027993,0.09604066707500593,-1.2168841482085546
1726406896890002700,2.101002685546875,2.288945905964503,-0.7796296477518094,0.09710034871597925,2.2873551283160816,0.6111744641264719,0.09599411851346466,-1.2063951399263197
1726406896900000500,2.11100048828125,2.293589249479972,-0.7815229486208735,0.10119017986102188,2.2873341338011164,0.6079502302118743,0.09684450863979424,-1.1961980488108992
1726406896909998600,2.12099853515625,2.2961793137786453,-0.7833479989893423,0.10488436231932585,2.286955633264956,0.6047035463142698,0.0984828441914861,-1.1856088435758896
1726406896919996700,2.13099658203125,2.29127842451552,-0.7844824708286949,0.10785376781281061,2.282370617075259,0.6021765910459232,0.1016776791301303,-1.1754450116043622
1726406896929994500,2.140994384765625,2.2771015674361736,-0.7846643662315506,0.10899854166125521,2.274398747671802,0.6007870903647424,0.10712622771217734,-1.166753798972377
1726406896939992600,2.15099267578125,2.2554641263462623,-0.784064006337599,0.10857701583505674,2.2641145526658093,0.6002745888714539,0.11456461236698398,-1.1590647626769246
1726406896949990700,2.16099072265625,2.228682530702588,-0.7828549862975946,0.1069125290656582,2.2526247082480886,0.6003853095976412,0.12347221568733253,-1.1521198305641163
1726406896959988500,2.170988525390625,2.1983570723585237,-0.7811889822902177,0.10444885034682379,2.2403736757164037,0.6008454587809058,0.13348731544820608,-1.1453691395384507
1726406896969986600,2.180986572265625,2.1668855012436783,-0.7792935367765758,0.10150044905171239,2.2285999753352166,0.6013563927517857,0.1441170171286599,-1.138510344972832
1726406896979984600,2.190984619140625,2.136328787427615,-0.777281199762784,0.0982541292716142,2.2180451544766115,0.6018868606132755,0.15463580603734303,-1.1320465357117209
1726406896989982700,2.200982666015625,2.1088125645537135,-0.7752999502275908,0.09482971427582834,2.209505063795421,0.6024437188334172,0.1642526110906838,-1.1266949354553768
1726406896999980800,2.210980712890625,2.08551996204549,-0.7734427123946304,0.09146615454837533,2.202862362487934,0.603096531168953,0.17232216680761464,-1.1229873086348474
1726406897009978600,2.220978515625,2.0669248235114654,-0.7717323054025192,0.08847351114681974,2.1972993885475045,0.6040012822395029,0.17828109122514468,-1.121397192806642
1726406897019976700,2.230976806640625,2.052211708709713,-0.770093741616653,0.08611023085224241,2.1914554286431067,0.6053164203233526,0.18202386550104616,-1.1219597453610808
1726406897029974800,2.240974853515625,2.038655591319643,-0.7683129261053265,0.08442557257261707,2.183573508338452,0.6071362504660263,0.18426398440641467,-1.1239817327999715
1726406897039972600,2.25097265625,2.0228747455996565,-0.7660765083910488,0.08306402704727273,2.1721891241464166,0.6096273883425983,0.18596146560822957,-1.1270486404143143
1726406897049970700,2.260970703125,2.0021871676196565,-0.7631321187101112,0.08159210705834896,2.1564104992509425,0.6129121371152378,0.18791200239315886,-1.1309135878863281
1726406897059968800,2.27096875,1.97582635101889,-0.7594519193833127,0.079705872709341,2.1365258832976997,0.6169086477808534,0.19053473296966075,-1.13527787378346
1726406897069966600,2.280966552734375,1.9447598997953717,-0.7551889480337282,0.07733408390191214,2.113555106443074,0.6214125060978316,0.193792585447725,-1.1399058352965297
1726406897079964700,2.290964599609375,1.9106578892973214,-0.7505531971054046,0.07465732018452235,2.0884221842327,0.6262178587648007,0.19735095613704987,-1.1446179829342957
1726406897089962800,2.300962646484375,1.8749660951475688,-0.7457163933033726,0.07201879342561471,2.0615154424708013,0.6311821222875065,0.2008223222138348,-1.149207063692197
1726406897099960600,2.310960693359375,1.8387045784030058,-0.7408042563438185,0.0696504245812754,2.03317560359359,0.6362035782446602,0.20396807896402191,-1.1535090257629332
1726406897109958700,2.320958740234375,1.8029827324955956,-0.7359752885091836,0.06742106596112672,2.004694474059663,0.6411207378703266,0.206782113146126,-1.1575328749648583
1726406897119956700,2.330956787109375,1.7690960283091213,-0.7314285736930186,0.06530103166141034,1.9776501807519722,0.645670079728651,0.2094236239821473,-1.160924568421849
1726406897129954600,2.34095458984375,1.7376197441830612,-0.7272461334280178,0.06321070298576162,1.952956170111886,0.6497346918229477,0.21204333173075335,-1.1635810161697089
1726406897139952600,2.35095263671875,1.7087948825484993,-0.7234451293782226,0.06115330660922816,1.9308226882951058,0.65331763204254,0.2146240963928001,-1.165610016165814
1726406897149950700,2.36095068359375,1.6829244659454075,-0.7200427038173214,0.059217370083297444,1.9111270479432658,0.6564740196001854,0.21696488568507127,-1.167271075791753
1726406897159948500,2.370948486328125,1.6599634668921814,-0.7170225376372451,0.05744987883371453,1.8935802095650638,0.6592723490633356,0.21894781374843825,-1.1687679552330745
1726406897169946600,2.380946533203125,1.6395296843192142,-0.7143305260391789,0.055878081971034714,1.8776933790976773,0.6617979339263484,0.22052901575120742,-1.1702278136157573
1726406897179944700,2.39094482421875,1.6211821158059865,-0.7119037450690636,0.05458494899997751,1.8628625656609092,0.6641322917619379,0.2216795707462584,-1.1716569500127867
1726406897189942500,2.400942626953125,1.6046630514384526,-0.7096998753621173,0.0537206711747132,1.8485925406490202,0.6663223552167234,0.22238400990688958,-1.1729164762084194
1726406897199940600,2.410940673828125,1.5901573834943927,-0.7077385385488529,0.053361568748104056,1.8349108397428469,0.6683588588377058,0.22260959355287224,-1.1739617457702698
1726406897209938400,2.4209384765625,1.578060297408556,-0.7060730390752641,0.05349845816835572,1.8223184328156794,0.670170811300983,0.22241852356282704,-1.1747177612113449
1726406897219936500,2.4309365234375,1.568871281392371,-0.7047715053199353,0.05409454307134333,1.811394807435045,0.6716865637915157,0.22182923669926974,-1.1752121190289009
1726406897229935600,2.440935546875,1.562655625510254,-0.7038541684017018,0.05497307469271692,1.802643951019182,0.6728598590453101,0.220968189506485,-1.175534634718194
1726406897239933700,2.45093359375,1.5593772378472939,-0.7033208735359429,0.056056490444132676,1.7962382128542251,0.6736768613699159,0.2199017337928088,-1.1757225147286494
1726406897249931500,2.460931640625,1.5591536146979816,-0.7031829357311984,0.057389478156191734,1.7921876102494874,0.6741321391595227,0.218600302026364,-1.1757681435515712
1726406897259929600,2.4709296875,1.5620878921705088,-0.7034696085571763,0.05877921052050596,1.791019216309736,0.6741772043385695,0.21716481077529112,-1.1757969282506167
1726406897269927700,2.480927734375,1.5675734663612113,-0.7041094339616937,0.060083026448186826,1.7924636477917932,0.6738689261374932,0.2156862909526546,-1.1759008118937453
1726406897279925500,2.490925537109375,1.5749515042086235,-0.7050169747651712,0.061235360992806014,1.7959510346278598,0.6733022062671721,0.21416223795378428,-1.1761962004584166
1726406897289923600,2.500923583984375,1.5837466821901982,-0.7061102528647253,0.06240865745731041,1.8005612156562925,0.6725883640344759,0.21245786589286653,-1.176649819823754
1726406897299921700,2.510921630859375,1.5934763401836793,-0.7073126469504384,0.06369611442440012,1.8055982412925065,0.6718136922434575,0.21051851237890634,-1.1772271694892218
1726406897309919500,2.52091943359375,1.6034264183621576,-0.7085242823343113,0.06511186654740776,1.8104245364599292,0.6710584814425455,0.2084094303941974,-1.1778440358163373
1726406897319917600,2.53091748046875,1.612894155671415,-0.7096521514217823,0.066648971357795,1.8145685037552757,0.6703731249523309,0.20628040490725913,-1.1783251061038722
1726406897329915600,2.54091552734375,1.6211701138534065,-0.7106101833562815,0.06825391097795391,1.8176965811372563,0.6697922955870298,0.20433498535970884,-1.1784883419958365
1726406897339913700,2.550913818359375,1.627514058476641,-0.7113146055463355,0.06982864995802242,1.8195455553294049,0.6693478752775058,0.20280287859495516,-1.1781793179284827
1726406897349911800,2.560911865234375,1.6316921150017416,-0.7117447377582048,0.07127210404854516,1.820042135269814,0.6690727434140225,0.20169641058532367,-1.1775431651315624
1726406897359909600,2.57090966796875,1.633885188525835,-0.7119201394262042,0.07260970461222246,1.8191127388339552,0.6689914773392863,0.20086805782657374,-1.176760275804403
1726406897369907700,2.58090771484375,1.634597364325304,-0.7118895809965781,0.07399167985693582,1.8166541360241628,0.6691173230219614,0.200050878638542,-1.1759900681830968
1726406897379905800,2.59090576171875,1.6345351966802066,-0.7117429441155615,0.07538599749196796,1.813059947826222,0.6694306163829981,0.19900131507680258,-1.1756005503411049
1726406897389903600,2.600903564453125,1.6346969944536547,-0.711618368264913,0.07664234706229381,1.809102881497984,0.669888475452584,0.19742011227413103,-1.1761911044726527
1726406897399901700,2.610901611328125,1.6358539814733555,-0.7116200766697914,0.07771870867563942,1.80542523839092,0.6704195424984326,0.19517739172341986,-1.1779682035890544
1726406897409899800,2.620899658203125,1.637990125786337,-0.7117387431492953,0.07871836363934616,1.8020185032357292,0.6709863392210007,0.19237638576873534,-1.1806327011824562
1726406897419897600,2.630897705078125,1.6401347784113105,-0.7118411406455528,0.07975674454695345,1.7981732576533094,0.6716282296468006,0.1893055469598229,-1.1836452217095157
1726406897429895700,2.640895751953125,1.6409172992786978,-0.7117783176503079,0.080603324357326,1.7934853365891603,0.6724060669838527,0.1863997727712327,-1.1867581771278037
1726406897439893800,2.650893798828125,1.6395535418467622,-0.7114843142805934,0.0809860327858526,1.7879932365571896,0.6733433399712173,0.18395687602456803,-1.189950513170914
1726406897449891600,2.6608916015625,1.6362644155268857,-0.7110035928690159,0.08081727008462444,1.7820857752157107,0.6744003946505699,0.18200739272617933,-1.193281384817196
1726406897459889700,2.6708896484375,1.6317279715149156,-0.7104253561041757,0.08011203670466366,1.7762609903005042,0.6755131388036677,0.18044369571119345,-1.1968468890048467
1726406897469887700,2.6808876953125,1.6263555731945312,-0.7097966718457943,0.07893462511771851,1.770638905306803,0.6766612859900577,0.1791298920294941,-1.2007338626151023
1726406897479885600,2.690885498046875,1.6203927550702293,-0.7091323366890936,0.07742876692665586,1.7648760164511894,0.6778804661588493,0.17780350454976146,-1.2051132114801173
1726406897489883600,2.700883544921875,1.6138370405300735,-0.708417943459106,0.07575660757065449,1.7585077654035435,0.6792061528677795,0.17630633190755987,-1.2099855853402837
1726406897499881700,2.7108818359375,1.606535486381782,-0.7076245221667661,0.07407152825899371,1.7510429868426898,0.680669554436095,0.174555901321987,-1.2152535641963298
1726406897509879600,2.720879638671875,1.5987089402082326,-0.7067614923994975,0.07260794410588955,1.7420496648891661,0.6822886136243824,0.1723324754131807,-1.2208911524694424
1726406897519877600,2.730877685546875,1.5909035190939478,-0.7058866268276266,0.07151266898060357,1.7316895818700462,0.6840138931039551,0.1695139036015745,-1.2268394936263554
1726406897529875700,2.740875732421875,1.583828210112826,-0.7050907978571622,0.0707552531548636,1.720826470456806,0.6857307885866237,0.16617461007015785,-1.2330066747816653
1726406897539873500,2.75087353515625,1.578062334078638,-0.704450596965474,0.07022620816029414,1.710427994967533,0.6873283521162038,0.16247280369641126,-1.23930500129724
1726406897549871600,2.76087158203125,1.5738933214580708,-0.7040084823304592,0.06976209004529763,1.7013556349958372,0.6887218902893891,0.15864277594873932,-1.2456299953651324
1726406897559869400,2.770869384765625,1.5715093267544322,-0.7037762575344123,0.06935985234798951,1.6940156556529038,0.6898661985126974,0.15483178619238624,-1.2517809362435035
1726406897569867500,2.780867431640625,1.5711028304800916,-0.7037647377535968,0.06901022796500045,1.688796116731034,0.6907254602250429,0.15116615155318328,-1.2575960529271273
1726406897579865600,2.790865478515625,1.572724966444952,-0.703973191769732,0.06865731139261169,1.6859141742157004,0.6912963727033553,0.14770645380479125,-1.263074161782347
1726406897589863400,2.800863525390625,1.576029065218884,-0.7043632313798539,0.06820511217055583,1.685251370775587,0.6916179607343008,0.14451713479056505,-1.268270160970962
1726406897599861500,2.810861572265625,1.5800871375306946,-0.7048348346209288,0.06760238836099722,1.6860471729285516,0.6917867791167094,0.1416647350394495,-1.2731762257950168
1726406897609859600,2.820859619140625,1.5835892924536283,-0.7052607672102247,0.06673917302528533,1.687232811121908,0.6919348861970039,0.1392091933976268,-1.2778861399325758
1726406897619857700,2.830857666015625,1.5849375807028747,-0.7054822356271779,0.06562228527426969,1.6873009628139377,0.6922129897226151,0.1372212200436231,-1.2823197686291696
1726406897629855700,2.840855712890625,1.582706026263115,-0.7053497399357097,0.06444539893232822,1.6845004546472824,0.6927648142232633,0.13566704760944237,-1.2862771512153244
1726406897639854600,2.8508544921875,1.5756007961684784,-0.7047359573551597,0.06335364983717225,1.677217389625759,0.6937232646491938,0.1344681867914394,-1.2896764709332567
1726406897649852700,2.860852783203125,1.5627311285203869,-0.7035630979890712,0.06238093852063104,1.6644036898820238,0.6951778686371596,0.13354904503651044,-1.2925593296418663
1726406897659850500,2.8708505859375,1.5433411699549624,-0.7017684521015476,0.06151240179764087,1.6451802051675286,0.6972080447009136,0.132809240768332,-1.2950357606696175
1726406897669848600,2.8808486328125,1.5172926069967945,-0.699350519998487,0.06069357314548886,1.6193794109901058,0.6998250715526764,0.1321743454395918,-1.2971865887869256
1726406897679846400,2.890846435546875,1.485523801974615,-0.6963983283840979,0.0599203044411213,1.5879959357204423,0.7029221872762251,0.13167878703180053,-1.2988398802308725
1726406897689844700,2.9008447265625,1.450219583395789,-0.6931012327068674,0.05932700128842302,1.55277329649673,0.7063222468940251,0.13114799742487476,-1.2999484897100537
1726406897699842800,2.9108427734375,1.414483742940448,-0.6897321080048242,0.0590938953357179,1.5162012889916372,0.7097822463163908,0.13033291217197224,-1.300588535207162
1726406897709840600,2.920840576171875,1.3818273677084543,-0.6866103554452017,0.059338739915070736,1.4814397723200692,0.7130053991099722,0.12910598728958603,-1.3008747368581053
1726406897719838700,2.930838623046875,1.3548130366640154,-0.6839873519296755,0.06000336832728323,1.4512181237971116,0.7157498617076798,0.12752656718830677,-1.3009942054015395
1726406897729836800,2.9408369140625,1.3347899245637445,-0.6820176237653753,0.06091625039961762,1.4273475989079036,0.7178640330296865,0.12574743517476386,-1.3011745801964232
1726406897739834600,2.950834716796875,1.3222863753045273,-0.6807767628712801,0.06188053250988899,1.4109550622001372,0.7192635545495226,0.12399109702465473,-1.3015458927873047
1726406897749832700,2.960832763671875,1.3179032609367825,-0.6803203405667358,0.06289511358579686,1.4027496799364982,0.7198912232868749,0.12233223809044601,-1.3021274106578877
1726406897759830800,2.970830810546875,1.3222393645731743,-0.6806997692319754,0.06399962504093391,1.4032439147831894,0.7197022565158433,0.1207501257593661,-1.302962398186539
1726406897769828600,2.98082861328125,1.3351583618172753,-0.6819046411966279,0.06513584368251055,1.4123864444363972,0.718709870598204,0.1192461212178436,-1.3041074773550414
1726406897779826700,2.99082666015625,1.354894191647106,-0.6837488429103158,0.06625354204680546,1.4285788361262737,0.7170779575766096,0.1178866158213692,-1.3053733607238434
1726406897789824800,3.00082470703125,1.3786990526829417,-0.6859634857584392,0.06724838944504204,1.4493653345269648,0.7150498449104388,0.11677119991961823,-1.3065545837901575
1726406897799822600,3.010822509765625,1.4038871082423134,-0.6883142270328185,0.067925021988986,1.472483022321109,0.712848918990459,0.1160009063671558,-1.3076232459070292
1726406897809820700,3.020820556640625,1.4286456515289305,-0.6906493872472802,0.06817537458895084,1.496244332918299,0.7106351856594245,0.11555591320909044,-1.3086785636233478
1726406897819818200,3.030818359375,1.452246042391457,-0.6929065580277187,0.06799809952695769,1.5197746580766964,0.7084878501690285,0.11533320056782995,-1.3098523845138135
1726406897829816000,3.040816162109375,1.474514110543456,-0.6950613541767032,0.06747439293973762,1.5425910630654862,0.7064462948771353,0.11519801001710085,-1.3112293335626781
1726406897839814100,3.050814208984375,1.49555043142039,-0.697103330843445,0.06675438040459329,1.5644095785562266,0.7045273421831292,0.11503100307567415,-1.3127840244638926
1726406897849812000,3.06081201171875,1.5153986299156885,-0.6990183997335357,0.06598569640060412,1.5849291477379388,0.702747814411898,0.11473810381972073,-1.3144592444763898
1726406897859810000,3.07081005859375,1.5336868047472734,-0.7007648147617149,0.0652413551964501,1.6036569045309195,0.7011463022279745,0.11430730532882451,-1.3161886787582286
1726406897869808000,3.08080810546875,1.5493719653024103,-0.7022744471662379,0.06427448968987393,1.6202889560937899,0.6997722372453254,0.11400980156962619,-1.3179666825674086
1726406897879806000,3.090805908203125,1.5627441836778482,-0.7035630064164043,0.06324016347240075,1.6346536498652509,0.6986252690167336,0.11367720455231405,-1.319841931350023
1726406897889804000,3.100803955078125,1.5738299489652372,-0.704639526621437,0.06210407004922448,1.6469063785865652,0.6976922960302544,0.11336558613892896,-1.3218079675640222
1726406897899802000,3.110802001953125,1.5830333223769315,-0.7055498790669528,0.06078337413911645,1.6576567894667311,0.6969252521521208,0.11313644858974495,-1.3239074050107156
1726406897909800000,3.120800048828125,1.5907084381082426,-0.7063368591412169,0.05915166515756825,1.6675497334193943,0.6962794418078436,0.11306762408973244,-1.3262174768411366
1726406897919798000,3.130798095703125,1.5971315123359517,-0.7070348411762022,0.057070868730131764,1.677209024746178,0.6957123351491857,0.11326515252024848,-1.3287830250921973
1726406897929796000,3.140796142578125,1.602156740674957,-0.7076408498388868,0.05437729280868667,1.6868382367163197,0.6952227048528531,0.11381110650105206,-1.3317257923547994
1726406897939794200,3.150794189453125,1.6055190251844331,-0.7081282369008175,0.05106669666313666,1.6961382325085181,0.6948349540325147,0.11467794031129158,-1.3351003593894972
1726406897949792300,3.160792236328125,1.607172322006982,-0.708482461201381,0.0472635330859297,1.70484270113378,0.6945508631271554,0.11583545176307639,-1.3387795024364293
1726406897959790300,3.170790283203125,1.6074042918251528,-0.7087150110816645,0.04316205573492274,1.71285742899786,0.6943500918980666,0.11720949774034725,-1.3425940432914754
1726406897969788200,3.1807880859375,1.606881391230368,-0.7088721506603713,0.038873770135408776,1.720494328213045,0.6941960727860105,0.11866296476246635,-1.346571555355595
1726406897979786200,3.1907861328125,1.6066667649011335,-0.7090354575028149,0.034362578315826085,1.728752235038479,0.6940175301331657,0.12011531095456018,-1.3508590268727179
1726406897989784300,3.200784423828125,1.6072117675232773,-0.7092298284339146,0.029742933936015317,1.737850484307037,0.6937880435753908,0.12151772085255125,-1.3553532225210418
1726406897999782100,3.2107822265625,1.6077543929287823,-0.709390051292222,0.025151692787780497,1.7467786806210484,0.6935743792556048,0.1228321377258383,-1.3599333598364993
1726406898009780200,3.2207802734375,1.6069576130324488,-0.7094204186843943,0.0206643484347371,1.7542050057369332,0.6934592476806098,0.12413655556033538,-1.3644103143262216
1726406898019778300,3.2307783203125,1.6032738090128853,-0.7092202333871009,0.01628916311299638,1.7586631694693535,0.6935359750525927,0.1254956865789691,-1.3687154643925852
1726406898029776100,3.240776123046875,1.5959415100432488,-0.7087485652406539,0.012140035924224066,1.7590568816793317,0.6938679770869005,0.12678850904268596,-1.3728750181120033
1726406898039774200,3.250774169921875,1.5843034865222472,-0.7079798473126298,0.008175699471832353,1.754991377543411,0.6944591572746022,0.128156816538059,-1.3767428419574508
1726406898049772300,3.260772216796875,1.570238353498179,-0.7070553798408449,0.004454122799338638,1.7482391029522846,0.6951698353554032,0.12958325647997695,-1.3802071030397036
1726406898059770000,3.27077001953125,1.5556460270702792,-0.7061045463930775,0.0010872519629313126,1.740743250085663,0.6958446884684919,0.13120742479318206,-1.3828653435570148
1726406898069768200,3.280768310546875,1.541540909081194,-0.7051866622213193,-0.0018919272294156213,1.7335768600802473,0.6964137337918421,0.1331020193318534,-1.3845541140762037
1726406898079766000,3.29076611328125,1.527976588928213,-0.7042972699480016,-0.004574004142181456,1.726881901804181,0.6968894735470018,0.13523900347683743,-1.3854466834793724
1726406898089764000,3.30076416015625,1.5151248858240494,-0.7034448098107006,-0.007008918442542814,1.7206691771078282,0.6972961739066414,0.13745722530463536,-1.3858471702331256
1726406898099762200,3.31076220703125,1.5023065962611621,-0.7025834530320517,-0.009176268970261187,1.714107335543494,0.6976993094901263,0.13967104620233078,-1.3858563953203262
1726406898109760000,3.320760009765625,1.4882434986889632,-0.7016293416751446,-0.010919786085987405,1.7054789576647564,0.6982191739648355,0.14172936701923544,-1.3854768156321506
1726406898119758000,3.330758056640625,1.4718097466014166,-0.7005105831935503,-0.012121372897509005,1.6932238176862666,0.6989713328394496,0.14344719340252773,-1.3847929373761814
1726406898129756200,3.340756103515625,1.4526275945981932,-0.6992043986236509,-0.012680421525709824,1.676547365891837,0.7000237143100299,0.14463486433712516,-1.3839092662117143
1726406898139754000,3.35075390625,1.43050829296948,-0.6976935600448723,-0.01257389021439877,1.6551700965222356,0.7014038773527294,0.14525237377700295,-1.3828108948962223
1726406898149752000,3.360751953125,1.4054925473899897,-0.6959733563322825,-0.011908049905826574,1.6293553516289598,0.7031021877453572,0.14534973103874155,-1.3815295273730615
1726406898159750100,3.370750244140625,1.3796225850044443,-0.6941888492053192,-0.010676531564056426,1.6008514691980351,0.7050115387967921,0.1447295785501794,-1.380312353305905
1726406898169749200,3.380749267578125,1.3553212836048716,-0.6925213544965635,-0.008880856188407537,1.5718456560328025,0.7069805149232188,0.14322700077044176,-1.3794136431305135
1726406898179747000,3.3907470703125,1.334395567743627,-0.6911230743908658,-0.006484723098106466,1.5437890700903174,0.7088935415280171,0.1406303796031926,-1.3791357457887496
1726406898189745200,3.4007451171875,1.317665249519301,-0.6900668311419165,-0.0034831284103163263,1.517427212384947,0.7106732305536898,0.13689127314985755,-1.3796003822635465
1726406898199743000,3.410742919921875,1.3056799634422482,-0.6893746849682996,0.00008964678457197826,1.4936461275693573,0.7122386314514878,0.13220680768042192,-1.3806408524079532
1726406898209741000,3.420740966796875,1.2980385517422623,-0.6889877743325253,0.004134298200896781,1.4726245387895942,0.7135686507421721,0.12687959393599785,-1.382001005918688
1726406898219739100,3.4307392578125,1.2938950263117006,-0.6888275994340616,0.008451602244191751,1.4542300248152962,0.7146702742685833,0.1212081861453386,-1.3835491676546279
1726406898229737000,3.440737060546875,1.2924426000211238,-0.6888466070701459,0.012799171614295647,1.438241895412224,0.7155545245530044,0.11536127136406238,-1.3853906960818856
1726406898239735000,3.450735107421875,1.2938506849403206,-0.689048250520481,0.017120701990688953,1.4250455204212207,0.7162009185448872,0.10943385105304192,-1.387492332559641
1726406898249733000,3.460733154296875,1.2989195871863006,-0.689453761803167,0.021537466902106173,1.4153296587446922,0.7165780705682182,0.10346812995134348,-1.389651054030071
1726406898259731000,3.47073095703125,1.3077388054854058,-0.6900402578128974,0.02611181721394717,1.4091835281191853,0.7166948037334693,0.09752598344555251,-1.3916904442932085
1726406898269729000,3.48072900390625,1.3197055326102256,-0.690764424222193,0.030681138918953,1.4064953670061755,0.7165735861576636,0.09179081338259307,-1.3935592840199165
1726406898279727000,3.49072705078125,1.33457315100326,-0.6916213464729618,0.034962862344462775,1.4078312408027311,0.716202599303608,0.08655317749601622,-1.3952411049956936
1726406898289725200,3.50072509765625,1.3531626540920931,-0.6926708607150626,0.038772402629852265,1.4146175738806472,0.7155212695598028,0.08205618737842421,-1.3966709209050403
1726406898299723300,3.51072314453125,1.3754442206970372,-0.6939391185471212,0.042019135154761265,1.4268491092857385,0.7145370911434439,0.07822838874830985,-1.3980492974001175
1726406898309721300,3.520721435546875,1.4011441643808453,-0.6954241456336655,0.044790964651079276,1.4436900604034895,0.7132948528941616,0.07476309094938277,-1.3996342898982534
1726406898319719200,3.53071923828125,1.4294213253727315,-0.6970539831203921,0.04734970070533247,1.4634555840249541,0.7118890497407495,0.07132818152308941,-1.401451856704947
1726406898329717200,3.54071728515625,1.4591755339976595,-0.6987360014463798,0.04991601822118773,1.4844050872034638,0.7104181417737975,0.06769312693024938,-1.4034576244320118
1726406898339715300,3.55071533203125,1.489846920588318,-0.7004190563256038,0.05254625201658204,1.5059337232727603,0.7089225271918096,0.06388239610386424,-1.4055151598914741
1726406898349713200,3.560713134765625,1.5211412756484204,-0.7020876596816938,0.05511944753718125,1.5282120693617793,0.7074054577361824,0.06010258578204247,-1.4074931472998746
1726406898359711200,3.570711181640625,1.5532655709060557,-0.7037782101254589,0.05734253548198477,1.5522184602938807,0.7058357847079859,0.056604524541507495,-1.409450635845516
1726406898369709300,3.580709228515625,1.586136095673731,-0.7055054535832262,0.058987582265905635,1.5785061249841394,0.7042078247815017,0.053609520630306086,-1.4113814154147692
1726406898379707100,3.59070703125,1.6190711165365301,-0.707245613803895,0.059923375002671954,1.6068543849694432,0.7025524870170846,0.051311705282699245,-1.4131834900571285
1726406898389705200,3.600705322265625,1.6506706151515795,-0.7089378416340624,0.06005181716804542,1.6362234106209392,0.7009380202914415,0.04986725785822484,-1.4147775264398783
1726406898399703000,3.610703125,1.680455898806113,-0.7105502286987092,0.05960347576638801,1.6656164423306077,0.6993932443246235,0.04914188613047516,-1.4160457432023068
1726406898409701000,3.620701171875,1.707590488699607,-0.7120539960548222,0.05855318901102832,1.6943445673266078,0.6979459979233726,0.04921467739073925,-1.4169378866308386
1726406898419699200,3.63069921875,1.73263457398509,-0.7134540292606206,0.05730444133837745,1.7217762637249574,0.6965877951543147,0.04964903005638432,-1.4175223235168588
1726406898429697000,3.640697021484375,1.7554099730937813,-0.7147359706599213,0.05588095505166638,1.7475008865849166,0.6953410839219978,0.050304715435520675,-1.417993976692703
1726406898439695000,3.650695068359375,1.7760664788553446,-0.7158885550641673,0.0544616838351177,1.7710532044654115,0.694221765531613,0.05092704182131071,-1.4184892945768803
1726406898449693200,3.660693115234375,1.794905734289234,-0.71691461442284,0.05312949119658126,1.7924067292605383,0.6932331312518849,0.051367506862285583,-1.419123212153399
1726406898459691000,3.67069091796875,1.8121842158608914,-0.7178074100562526,0.05199654457992617,1.811375788227072,0.6923902622952839,0.05142652309161072,-1.4200396522451308
1726406898469689000,3.680689208984375,1.8279722674650059,-0.718560750691282,0.051211272035546006,1.8276568971100817,0.691699387451314,0.05098889489199912,-1.4212156230452813
1726406898479687200,3.690687255859375,1.8417219565474852,-0.7191594080212963,0.0509332561521654,1.8405340410262012,0.691162828606587,0.050095584104364266,-1.4223998821921704
1726406898489685000,3.70068505859375,1.8533174866085642,-0.7196101296104482,0.05128452531025243,1.8497356481775535,0.6907631696908497,0.04875865794556923,-1.4234163754895797
1726406898499683000,3.71068310546875,1.8628840869318453,-0.7199231888920186,0.052285057692306236,1.8553469906551239,0.6904858635888533,0.04696983792798899,-1.4242543678803348
1726406898509681200,3.72068115234375,1.8699967478736028,-0.7200821153745974,0.05392195981576103,1.8570153130994358,0.6903406189284548,0.04476717405998333,-1.4249000201169448
1726406898519679000,3.730678955078125,1.8744216028743,-0.7200712818216237,0.05607876747850742,1.8547253643014447,0.6903424201232239,0.04218839612832511,-1.4254772836540515
1726406898529677000,3.740677001953125,1.8764074700954863,-0.7199035382357691,0.05860156932999135,1.8490590548988315,0.6904774550644188,0.03931452484706757,-1.4260778195370825
1726406898539675100,3.750675048828125,1.8762838192529352,-0.7196117929310131,0.061360034837090946,1.8407677266024167,0.6907063002674688,0.03631290755318323,-1.4266192410846839
1726406898549673000,3.7606728515625,1.8756256791848984,-0.7193128040913641,0.06417380067603447,1.8321121856263878,0.6909048673282087,0.033487202959336056,-1.4268348625471223
1726406898559671000,3.770671142578125,1.8779807243023807,-0.7192521210375401,0.06672636155899947,1.8278153869351481,0.6908265117958045,0.0313503978463032,-1.4262619094496993
1726406898569669000,3.780669189453125,1.8866640418244291,-0.7196404222235498,0.06887847628901307,1.83172682577192,0.6902644783375091,0.03014060120715004,-1.4246001801479102
1726406898579667200,3.790667236328125,1.9024856580152019,-0.720506659586377,0.07066653056577935,1.8442634261412123,0.6892019284185282,0.029616739294584808,-1.4220883763073664
1726406898589665300,3.800665283203125,1.923608003347398,-0.7217150584007118,0.07234269004348355,1.8625448542570515,0.6877758751010771,0.029295339253407982,-1.4191108854118755
1726406898599663400,3.810663330078125,1.946324164553367,-0.722990133522245,0.07425078678993378,1.8814976894379272,0.6862627704694217,0.028556337334944757,-1.4162519220690606
1726406898609661200,3.8206611328125,1.9668583124962356,-0.724061018437182,0.07660263197723007,1.8965611993251352,0.6849346601450825,0.0270580688287802,-1.4139418429483948
1726406898619659300,3.8306591796875,1.9826040784063301,-0.7247661240348023,0.07943720975497028,1.905137957575631,0.6839491611943349,0.0248460543666549,-1.4122571314675687
1726406898629657000,3.840656982421875,1.9921191240089537,-0.7250172637770175,0.08279076102423073,1.905847214930757,0.6833824419257888,0.022000397219717468,-1.4111607499210141
1726406898639655200,3.8506552734375,1.9948736306237087,-0.7247800845788857,0.0866395633642327,1.8983062939019018,0.6832579029711398,0.018601449344489013,-1.4106264114150797
1726406898649653200,3.8606533203125,1.991823814184163,-0.724130632927245,0.09082377642309743,1.8839826035650848,0.6834948737201718,0.014850130362249254,-1.410510221442823
1726406898659651000,3.870651123046875,1.9846528417284088,-0.7231833631940998,0.09519217227227886,1.8649728566604755,0.6839778312431057,0.01088701888759863,-1.4106882483278087
1726406898669649200,3.880649169921875,1.9749320378168158,-0.7220391129755298,0.09964220936141552,1.8430950011891234,0.68460565273171,0.0067837397730496785,-1.411078647345603
1726406898679647200,3.890647216796875,1.9642691370663807,-0.7208110974753364,0.10404785845822799,1.8203056844982,0.6852724197011268,0.0026603781324188855,-1.411570431433067
1726406898689645000,3.90064501953125,1.953611079453585,-0.7195719454962487,0.10830896274560115,1.7978352213897988,0.6859180258508645,-0.001383662374409893,-1.4121020213367959
1726406898699643100,3.91064306640625,1.9432436536642583,-0.7183615502925914,0.11238746331304963,1.776185683645421,0.6865116914890906,-0.005233841807072185,-1.4125403873833424
1726406898709641200,3.92064111328125,1.933398803416534,-0.7172067794047904,0.1162398875704207,1.7557483070433964,0.6870407519235651,-0.008821850891998672,-1.4128441707570456
1726406898719639000,3.93063916015625,1.9249329629939769,-0.7161546819133559,0.11977418544831768,1.7374900568283045,0.6874799347268366,-0.012163012630071702,-1.4131375560625576
1726406898729637000,3.94063720703125,1.9185793572936198,-0.7152542165216934,0.12290852087900853,1.7222901941583182,0.687802720083295,-0.015237729658992007,-1.4134927610206047
1726406898739635200,3.95063525390625,1.9149222520769607,-0.7145617798550733,0.1255581322544992,1.7110045481851015,0.6879788233050637,-0.017940922116754247,-1.4138680228197358
1726406898749633000,3.960633056640625,1.9143315731809554,-0.7141343906925984,0.12758233666223145,1.7044555629925573,0.6879905137324247,-0.020096328242467976,-1.414196247402629
1726406898759631000,3.970631103515625,1.9163879159048984,-0.7139710581088261,0.12889118792770313,1.7024950184177885,0.6878704028074805,-0.02160500258182758,-1.4144867277959865
1726406898769629200,3.980629150390625,1.9208130328635113,-0.714063132375674,0.12942513165352254,1.7049564773089207,0.6876475933786685,-0.022449303440563402,-1.414808816403161
1726406898779627000,3.990626953125,1.927347862484805,-0.7143833523223173,0.12926854101766996,1.7113583950448925,0.6873360258109739,-0.022701049271788763,-1.4151522397341203
1726406898789625000,4.000625,1.93580795511093,-0.7148951264605047,0.12860019853028806,1.7210712935434536,0.6869360362205943,-0.022493147451525166,-1.4154609223119334
1726406898799623200,4.010623046875,1.9461362917157297,-0.7155618556091364,0.12757267809880446,1.7335777425041436,0.6864494211157818,-0.02199567197539112,-1.4157613903006
1726406898809621000,4.02062109375,1.9581241083065344,-0.7163355344202557,0.12634711277790514,1.7481761131068612,0.6858877806854203,-0.021392921014047925,-1.4160940366564878
1726406898819618800,4.030618896484375,1.9716362407323116,-0.7171751998826207,0.1250574838520145,1.7643025785065491,0.6852631400570023,-0.020851920785582366,-1.4165189821108977
1726406898829617000,4.040616943359375,1.9864193168819773,-0.7180454960532833,0.12384105643352059,1.7813544392394194,0.6845835480480025,-0.02048002152626011,-1.4170010673715054
1726406898839615000,4.050614990234375,2.0017698859518025,-0.7188929970297752,0.12283764582264775,1.798311728871887,0.6838782204177447,-0.020359337218922243,-1.4174947808174296
1726406898849613000,4.060613037109375,2.0166019099131054,-0.7196579309898384,0.12211999429615658,1.8139684056180019,0.6831975464636278,-0.02050111092548995,-1.4179666387148435
1726406898859611000,4.07061083984375,2.0301643461968606,-0.720298983645696,0.12171281796759809,1.8275279960693716,0.6825819439394253,-0.020912918969651206,-1.4184445684078346
1726406898869609000,4.08060888671875,2.0419850252725738,-0.7207854142108779,0.12161432830541381,1.8384913291254206,0.682063863716747,-0.021615769684702513,-1.418999342626691
1726406898879607000,4.09060693359375,2.051919286467589,-0.7211111982039105,0.12179717631586348,1.8467746724856893,0.6816550538676974,-0.022594549059248417,-1.4196697027483198
1726406898889604900,4.10060498046875,2.060075073145078,-0.7212883689121886,0.12221096180693311,1.8526116562253188,0.6813519851169091,-0.023811419752533886,-1.4204719858239778
1726406898899603000,4.11060302734375,2.0664132185528965,-0.7213252993223077,0.12283516884487834,1.856058176968238,0.6811499341856952,-0.025220027006498374,-1.421373553389379
1726406898909600800,4.120600830078125,2.0709803270937877,-0.7212421795722463,0.12360549525101022,1.8573707837687436,0.6810407468472726,-0.026737102285647716,-1.4223382922704124
1726406898919598800,4.130598876953125,2.074254793400695,-0.7210783681190766,0.12439295791718001,1.8573289758087042,0.68100852302297,-0.02828063870610943,-1.423400268620258
1726406898929597000,4.140596923828125,2.0770264040278215,-0.7208824591181684,0.12510753547638995,1.8569113966750581,0.681019870537243,-0.029808328241551885,-1.4245774398207518
1726406898939594800,4.1505947265625,2.0801360675182345,-0.7207035390908596,0.12568861681323673,1.8570871451062216,0.6810357199954334,-0.03129095918747522,-1.4258630319028247
1726406898949592800,4.1605927734375,2.084059039183609,-0.7205804315215115,0.12611135363734025,1.858451131163759,0.6810230437590393,-0.03266906216363611,-1.4271712519723152
1726406898959591000,4.1705908203125,2.0889775590319477,-0.7205441450241602,0.12637007133296482,1.8613137281906853,0.6809554725178293,-0.0338579655832369,-1.4283680268929635
1726406898969588700,4.180588623046875,2.0948229142687502,-0.7206004603530128,0.12647871803042024,1.865632019927828,0.6808269003642387,-0.03482516008251305,-1.4293819468815998
1726406898979586800,4.1905869140625,2.1017024529698745,-0.7207568119832132,0.1264855868139073,1.871431024121229,0.6806211312043424,-0.03557983953806892,-1.4301479185704709
1726406898989585000,4.2005849609375,2.109796456812289,-0.7210127748416563,0.12642487147654274,1.8787713270547532,0.6803299790148123,-0.03617162106507993,-1.4306759912279106
1726406898999582700,4.210582763671875,2.1182856784729736,-0.7212885666701022,0.12625867825862458,1.886720113398379,0.6800391689348257,-0.03671991215578797,-1.4312655928576479
1726406899009580800,4.220580810546875,2.127102203864474,-0.7215854386978355,0.12610924164243542,1.895001542575938,0.6797232411866909,-0.03724715834933065,-1.431768643048345
1726406899019579000,4.230578857421875,2.135174422019616,-0.721855064482421,0.12608627345835227,1.9023674450602122,0.6794124811163764,-0.03776695920301492,-1.4321101102414069
1726406899029576700,4.24057666015625,2.1415639297621882,-0.7220281899011726,0.12623029760333132,1.907700015882499,0.6791681938299982,-0.03836526356807781,-1.4324317253199093
1726406899039574800,4.25057470703125,2.147363488980408,-0.7221438288265212,0.12659580206408494,1.9118953118700184,0.6789338480605518,-0.03912530261295528,-1.4327154664818855
1726406899049572900,4.26057275390625,2.153976938300156,-0.7222485565049171,0.12721284581020365,1.9161708227976608,0.6786472615460021,-0.040147407488521344,-1.4329813854121092
1726406899059570700,4.27057080078125,2.1626652308135426,-0.7223824375000418,0.1280901027853796,1.9216545792107689,0.6782573660989628,-0.04151629711921984,-1.4332694306783804
1726406899069568800,4.28056884765625,2.172865242296091,-0.7225152181390525,0.12924695353227528,1.927752754132568,0.6777889510111602,-0.043233493240212736,-1.4335847998104838
1726406899079566800,4.29056689453125,2.1841794209074856,-0.7226320400226355,0.13061655735509448,1.934238928596005,0.6772702299723629,-0.045245991446600124,-1.4339715707377774
1726406899089565000,4.30056494140625,2.1963474730531454,-0.7227142180466309,0.13209913091257025,1.9410436337736208,0.6767390041966819,-0.047520384059074945,-1.4345484186418076
1726406899099563000,4.31056298828125,2.2089393463989064,-0.7227533739536021,0.13362649107759716,1.947950125823274,0.6762204149425675,-0.04997545921017876,-1.435321136935722
1726406899109561000,4.32056103515625,2.2200475361195116,-0.7226927332514123,0.1351570896170507,1.9533275678342905,0.6757927665466479,-0.05245846129090835,-1.4362426929108942
1726406899119559000,4.330558837890625,2.228921501098842,-0.722538816965207,0.13655567677457917,1.9568820350208667,0.6754915222170941,-0.05478555444553623,-1.4372823967628712
1726406899129557000,4.340556884765625,2.2351909049391487,-0.7223111129337214,0.1376248266465764,1.95878381394853,0.6753536412376012,-0.05677673684963829,-1.438477716144498
1726406899139554800,4.350554931640625,2.2387898945134617,-0.7220406087660565,0.13817929821723085,1.9594591655119178,0.6754021237523724,-0.05827412912567529,-1.439859989043425
1726406899149553000,4.360552978515625,2.24012921570708,-0.7217611806045633,0.13811460765688935,1.9595617472081637,0.675632387340775,-0.059213260602066366,-1.4414536544267487
1726406899159551000,4.370551025390625,2.2400616941566693,-0.7215186098751307,0.13743150418365735,1.9599391541678304,0.6759968715950119,-0.05959636874914009,-1.4431910122359162
1726406899169548800,4.380548828125,2.2396400113412622,-0.7213583007321158,0.1361961975118898,1.9614790399754367,0.6764288914722867,-0.05947212631522462,-1.44497509942503
1726406899179547000,4.390546875,2.240533573482965,-0.7213212963677271,0.13446620074134194,1.9655799523185558,0.6768581557615742,-0.05897136217126166,-1.4468114385528297
1726406899189545000,4.400544921875,2.2439909390150232,-0.7214377642834796,0.13227433697766214,1.9733283606743601,0.6772347107286943,-0.058173895432106194,-1.4486976966314995
1726406899199542800,4.410542724609375,2.2510540279438236,-0.7217450440213601,0.12963849076896136,1.985716924141554,0.6775087223165819,-0.05709532504173969,-1.4505625998107674
1726406899209540900,4.420540771484375,2.262010315436977,-0.7222733895916174,0.12660538082263165,2.003040489531978,0.6776369482899943,-0.055681852394550035,-1.4522153900536463
1726406899219539000,4.4305390625,2.2764042075915194,-0.723016270638994,0.12329245226895467,2.024678383452715,0.677597272598271,-0.053929682307810804,-1.453476777956453
1726406899229536800,4.440536865234375,2.2933034905355685,-0.7239470890572711,0.11982880609586401,2.049484496321863,0.6773864592011846,-0.0518584803207782,-1.4542158583285925
1726406899239534800,4.450534912109375,2.31158602709795,-0.7250177801612052,0.11635888624795063,2.0760128856361897,0.677018929658186,-0.04955019775940812,-1.4543926173562622
1726406899249533000,4.460532958984375,2.3301168781812884,-0.7261762286520828,0.11300636764504864,2.102821113893515,0.6765201157241858,-0.04709693756046459,-1.4540266142562592
1726406899259530800,4.47053076171875,2.348521029575826,-0.7273846614410479,0.10985173211548585,2.1292449842485976,0.6759090514610225,-0.04462208335333916,-1.4532158787992053
1726406899269528800,4.48052880859375,2.3670257401573975,-0.728611597026691,0.10694444513120133,2.155225706048161,0.6752040895817745,-0.04227787481602459,-1.4521166375890082
1726406899279527000,4.49052685546875,2.3850644894643653,-0.7298217959524959,0.10433953231417246,2.1800278027100792,0.6744353420947148,-0.04012902981736167,-1.4508019888037627
1726406899289524700,4.500524658203125,2.401772374328927,-0.7309642982674309,0.10215120278338558,2.202492428239518,0.6736407140708794,-0.03826858921703752,-1.4493378996386703
1726406899299522800,4.510522705078125,2.4172521317976767,-0.7320007370704018,0.10046197215743938,2.222398689275458,0.6728483506401787,-0.036842545173141845,-1.4478655821851631
1726406899309521000,4.52052099609375,2.4321674075298225,-0.7328955400821601,0.09934528461343342,2.240039962977471,0.6720832591453502,-0.036038973127291485,-1.4465734114561868
1726406899319518700,4.530518798828125,2.4464571196595117,-0.7336251289404485,0.09891718833965771,2.255039391943498,0.671354114037545,-0.03596402636519371,-1.445489905770862
1726406899329516800,4.540516845703125,2.4594186780710885,-0.7341875252220572,0.09926994324002056,2.266594589159225,0.6706526859516855,-0.03659484147347354,-1.4444999431198033
1726406899339515000,4.550514892578125,2.4709735493886633,-0.7345883276087767,0.10039611439946983,2.2746875254166063,0.6699735504233639,-0.03789617104346824,-1.4435787856224505
1726406899349512700,4.5605126953125,2.481342316443621,-0.7348414034939346,0.10218070956358473,2.279830707176248,0.6693168817595415,-0.03977716448182328,-1.4427434795738505
1726406899359510800,4.5705107421875,2.4905219792231708,-0.7349680904986535,0.10444547071290115,2.282515746240704,0.6686878416561827,-0.042067831588712856,-1.44199088068042
1726406899369508900,4.5805087890625,2.498654895402997,-0.7349921975716328,0.10698733222974044,2.2834173455827305,0.6680952323287423,-0.044596820860310304,-1.4413394577222587
1726406899379507000,4.5905068359375,2.5059794656162038,-0.7349353326053125,0.1096386817332488,2.283196070734337,0.6675463178564129,-0.04723537102316741,-1.440815645602628
1726406899389505000,4.600505126953125,2.512918772728365,-0.7348277767598563,0.11231760964868734,2.282480756926436,0.6670237591856812,-0.049920794284847615,-1.4403900196260213
1726406899399502800,4.6105029296875,2.5200025523239358,-0.7346963443294191,0.11502954955247499,2.281772494081022,0.6664951326281634,-0.052667408769644174,-1.4400103001607807
1726406899409501000,4.6205009765625,2.528003433022053,-0.7345757768843186,0.11779314932385428,2.2817631128118556,0.6659141405142666,-0.05551198688052252,-1.439604268060817
1726406899419499000,4.6304990234375,2.537468884254947,-0.7345039995822946,0.12066843901984692,2.282863244849533,0.6652232508648696,-0.05848965787489033,-1.4390499230272094
1726406899429496800,4.640496826171875,2.547619738691665,-0.7344954270391796,0.12371421498101502,2.2843043820089437,0.6643982312333478,-0.06153244493946924,-1.4381835263114746
1726406899439495000,4.650494873046875,2.5567951955481063,-0.7345378155794017,0.12689552189015876,2.2847286708662926,0.6634729461079478,-0.06446227538149785,-1.4369195811373252
1726406899449493000,4.660492919921875,2.5633441745894254,-0.734604438063185,0.13007252861911606,2.2830036816701464,0.662526154020758,-0.06705635011808651,-1.4352946390153847
1726406899459490800,4.67049072265625,2.5662432795654415,-0.7346682616633294,0.13302727677669937,2.278718413748402,0.6616575225540396,-0.0691064853742604,-1.433456192841386
1726406899469489000,4.680489013671875,2.5650441143421796,-0.7346977237541841,0.13556618240261448,2.271885075861009,0.6609634262297862,-0.07048700228082563,-1.4316009629833877
1726406899479487000,4.690487060546875,2.5595283785312852,-0.7346484427853459,0.13762346891577165,2.2623856782707543,0.6605168204192864,-0.07119686425340678,-1.4299107085534022
1726406899489484800,4.70048486328125,2.5502811916148374,-0.7345008588939017,0.13926159692902815,2.2505322590247907,0.660319316685113,-0.07136572976775205,-1.4284596179374431
1726406899499483000,4.71048291015625,2.538743024142449,-0.7342602944215278,0.1405685416028847,2.2373431122221787,0.6603277043930258,-0.0712013824919282,-1.427300851345766
1726406899509481000,4.72048095703125,2.526499808594243,-0.7339526154583069,0.14165572756076864,2.223940715160021,0.6604680909039161,-0.07091558431018997,-1.4264195370509365
1726406899519478800,4.730478759765625,2.5145326600418487,-0.7336174832820531,0.14269676837366826,2.210833415797189,0.6606433270518702,-0.07066356509496469,-1.4256580373946464
1726406899529476900,4.740476806640625,2.5030818111537143,-0.7332824491880563,0.1438355619681093,2.1979596132612746,0.6607847676398201,-0.07051046721290553,-1.4248420594738351
1726406899539475000,4.750474853515625,2.491600241874804,-0.7329524337065313,0.14512896895255978,2.1847547904481557,0.6608787467268252,-0.07041023564264869,-1.423847944639379
1726406899549472800,4.76047265625,2.47969856257078,-0.7326257588683495,0.14648224979395452,2.1711135946157523,0.6609584755787602,-0.07026014228815723,-1.4227025037216043
1726406899559470800,4.770470947265625,2.467087835143133,-0.7323090409565053,0.14775868126273214,2.15712557570864,0.6610599191068455,-0.0699329240115263,-1.421437591375102
1726406899569468700,4.78046875,2.4534792893912014,-0.7319944183984062,0.14886664903730829,2.142741982637898,0.6612207157783763,-0.06935396669291609,-1.420112998525407
1726406899579466800,4.790466796875,2.4391461908877257,-0.7316811070948517,0.14976317844858283,2.1282813681741235,0.6614503923287094,-0.06853539921868078,-1.4187926601860446
1726406899589464800,4.80046484375,2.4247492467852227,-0.7313686000751063,0.15047166067406953,2.1142265713649238,0.6617337073097588,-0.06757826484974704,-1.4175434105744844
1726406899599462700,4.810462646484375,2.4107484328511513,-0.7310501812844211,0.1510645329369882,2.100767489578073,0.6620496757473808,-0.06659834751584842,-1.416398839938481
1726406899609460700,4.820460693359375,2.3971370997835484,-0.7307084513614316,0.15157539127971378,2.087767440865758,0.662404466003019,-0.06565336961044324,-1.4154108888123274
1726406899619458800,4.830458740234375,2.383975795625466,-0.7303418058794997,0.15197820521192362,2.075313634587428,0.6628052073477996,-0.06475108729584095,-1.4146262134583076
1726406899629456600,4.84045654296875,2.3710036681591515,-0.7299516654682837,0.15225483810028745,2.063229090151874,0.6632586800735679,-0.06385112454904217,-1.4140270384055367
1726406899639454700,4.850454833984375,2.357761180222713,-0.729527489624438,0.1524227647405132,2.051070835989253,0.6637751995986828,-0.0629240802832828,-1.4135780005849994
1726406899649452800,4.860452880859375,2.3445818097826256,-0.7290495655037434,0.1524047085896,2.039187732895837,0.6643874999674632,-0.0620382458526748,-1.4134888859361057
1726406899659451000,4.870450927734375,2.330900309302102,-0.7285708819969445,0.1523406321031289,2.027009888027461,0.6650181972470363,-0.06105324147694385,-1.4133286822718345
1726406899669449000,4.880448974609375,2.317484352549733,-0.7281282519393611,0.15224013769777475,2.015246249668407,0.6656216119473521,-0.06000008918815665,-1.4130552074437055
1726406899679447000,4.890447021484375,2.3041317918246844,-0.7277336793039764,0.1521456181906648,2.003702382706197,0.6661789627544924,-0.05882975971724525,-1.4125370447517
1726406899689444900,4.90044482421875,2.2909564024211453,-0.7274019963838239,0.15205819181490782,1.9925300356357627,0.6666758477926227,-0.05751421012813921,-1.4117179714700832
1726406899699443000,4.91044287109375,2.2789442836771796,-0.7271629052295208,0.1518981875141877,1.9827659678148493,0.6670936696961206,-0.056098800711804654,-1.4107139388946401
1726406899709441000,4.92044091796875,2.2681189167240237,-0.7270270358257481,0.1516858630438355,1.9744313603132468,0.6674173511036464,-0.05456428139036149,-1.4094642102878587
1726406899719438800,4.93043896484375,2.2582850052123944,-0.7270171223233196,0.15148077911221752,1.9673526628449776,0.6676139132674072,-0.05283408919672281,-1.4077673861960502
1726406899729437000,4.94043701171875,2.249395077511254,-0.7271160307033251,0.15134220148522032,1.961323578817047,0.6676832217268318,-0.05095967044271799,-1.4056301410060617
1726406899739435000,4.95043505859375,2.2416507938184522,-0.7273056113263268,0.15136374330818061,1.9562489755363839,0.6676144560955976,-0.04905480134222509,-1.4030869681605278
1726406899749432800,4.960432861328125,2.2353612091205672,-0.7275792095478155,0.15171697260639572,1.9520001295882612,0.667366104146458,-0.04725267686721025,-1.4000690933260096
1726406899759431000,4.970430908203125,2.230424424827318,-0.7278982381220961,0.15261516427822377,1.9479365983894423,0.6669203664665314,-0.0457150449555059,-1.396529569099111
1726406899769429000,4.980428955078125,2.2250787691084977,-0.7281376995976409,0.15427213266590056,1.9418800032806738,0.6663584880904752,-0.044517989949570645,-1.3924434608538023
1726406899779426800,4.9904267578125,2.2177185947745697,-0.7281684418361525,0.15682727839744748,1.9319456587505883,0.6657813399181113,-0.04371591598527373,-1.3878592039343154
1726406899789425000,5.0004248046875,2.207974658757918,-0.7278938648904506,0.16021506337234295,1.9176924439283678,0.6652937215819194,-0.043425629837717514,-1.3831247526382282
1726406899799422700,5.010422607421875,2.197570354809849,-0.7273143453317875,0.1641941831616998,1.9008437461727405,0.6649268335080923,-0.0438924038429147,-1.378853196501591
1726406899809420800,5.0204208984375,2.188850847090197,-0.7265308397937902,0.16863721867664125,1.8836753555044499,0.664577407927613,-0.04529176378462039,-1.3752811674159042
1726406899819419400,5.03041943359375,2.1833272287465175,-0.725633110797628,0.17359368668528244,1.8674842027994951,0.6641119421672127,-0.04771983186831984,-1.3723342258822304
1726406899829417500,5.04041748046875,2.1811467950150707,-0.7246434664024303,0.17910531416519873,1.852378069742961,0.663472706198598,-0.051157062896212344,-1.3698960685615724
1726406899839415300,5.050415283203125,2.181653000259645,-0.7235699445885407,0.18506491697165206,1.838141940791762,0.6626677518124413,-0.05539829236729829,-1.3678525683165206
1726406899849413400,5.060413330078125,2.184044623076944,-0.7224241876577269,0.19118222842708485,1.8247833913367852,0.6617644926875679,-0.060169737463349825,-1.3662642005443673
1726406899859411500,5.070411376953125,2.18715286029635,-0.7212006367861593,0.1972124773974689,1.8118965864067702,0.6608537280255044,-0.06518625835316151,-1.3651408759555064
1726406899869409300,5.0804091796875,2.1895444518305296,-0.7198928876211473,0.2029862671302231,1.7987579685058979,0.6600251959893323,-0.0701249158296593,-1.3643409376223596
1726406899879407400,5.090407470703125,2.1901195300714855,-0.7185082063751942,0.20830922506591215,1.7849427506636377,0.6593714958253877,-0.07471581658202003,-1.3638146074012767
1726406899889405400,5.100405517578125,2.1883704512678754,-0.7171065545689757,0.2130032515790748,1.7706039518000305,0.6589360105999098,-0.07868368973275613,-1.3634197545747806
1726406899899403300,5.1104033203125,2.1843239919566297,-0.715785327669829,0.21692686140277073,1.7563486248900038,0.6587164927289838,-0.08177287173344955,-1.3629454705833157
1726406899909401300,5.1204013671875,2.1788819981065832,-0.7146783637641942,0.21991596568066632,1.7435559486302965,0.6586695531267109,-0.08382313667363012,-1.3622931619889302
1726406899919399400,5.1303994140625,2.174704944405843,-0.7139545066861636,0.22191911176961093,1.7347562235077538,0.6586342952684858,-0.08498151991829982,-1.3615507027949303
1726406899929397200,5.140397216796875,2.1741011432346973,-0.7137470328982576,0.22303812145202942,1.7318775950077125,0.6584258804213912,-0.08540868762621541,-1.360637644694178
1726406899939395300,5.150395263671875,2.1780746063456227,-0.7141287308371052,0.22347813430819227,1.7355865100498806,0.6578990820956732,-0.08512669682803992,-1.3592013579732793
1726406899949393400,5.160393310546875,2.186440313028554,-0.7150965372707583,0.2234255311199761,1.7454422662214104,0.6569944976405427,-0.08411964611629513,-1.3569314189382187
1726406899959391200,5.17039111328125,2.198271066797627,-0.7166090291576465,0.22292318081551968,1.7605206234722899,0.6557413527498337,-0.08234061385791318,-1.3537214014723689
1726406899969389300,5.180389404296875,2.2121238680695945,-0.7185631936404977,0.22195471977371609,1.7793667340159947,0.6542419246796553,-0.07981519695635535,-1.349706571281266
1726406899979387400,5.190387451171875,2.2267425541406807,-0.7208252083974391,0.22045393694013204,1.8006234834004502,0.6526335501110306,-0.07668432237084374,-1.3452861255957353
1726406899989385500,5.200385498046875,2.2412574325229953,-0.7232689654380953,0.21835077702880226,1.8232887653411098,0.6510446499286712,-0.07311482870392137,-1.3409005055468004
1726406899999383600,5.210383544921875,2.255605344629357,-0.7257804610613584,0.21566458346243997,1.8468590725394722,0.6495503328518106,-0.06939597678409154,-1.3370020949930987
1726406900009381400,5.22038134765625,2.2699986303415027,-0.7282268549432879,0.21254818070767234,1.8707672215414652,0.6482005750825723,-0.0659168844013693,-1.3340027692358956
1726406900019379500,5.23037939453125,2.28488609382999,-0.7305004215068116,0.20932945663118493,1.894432223498305,0.6469728633278347,-0.06305990337277818,-1.3320215705695508
1726406900029377500,5.24037744140625,2.300196224239211,-0.7325012010599553,0.2063443865825712,1.916938557375843,0.6458594831467871,-0.06107067537345203,-1.3310105599210142
1726406900039375400,5.250375244140625,2.3149297730345033,-0.734192230404084,0.20382018830375448,1.9371491327149144,0.6448579335286757,-0.059812027049040685,-1.3305574531797666
1726406900049373400,5.26037353515625,2.3275482000883487,-0.735536453091882,0.20201899481067004,1.9534625170978506,0.6439617173744236,-0.05905803860267003,-1.3301172234618124
1726406900059371500,5.27037158203125,2.336779591452829,-0.7364914917890623,0.2010212754191908,1.9647255381475863,0.6432196798607484,-0.058644569202097874,-1.3295009910672195
1726406900069369300,5.280369384765625,2.3421183854417578,-0.737060475119611,0.20062036410087622,1.9709734007032975,0.6427143479083999,-0.058408085091646515,-1.3288537543910397
1726406900079367400,5.290367431640625,2.344032919221197,-0.7373160979547495,0.20057761235370494,1.9732030497922157,0.6424511701399233,-0.05822442188430454,-1.3282777015906924
1726406900089365500,5.300365478515625,2.3440451915773455,-0.7373608949365079,0.2007116226166722,1.973120359968211,0.6423646410684204,-0.05815043279057932,-1.3279275735203642
1726406900099363300,5.31036328125,2.3442113105674043,-0.737337290562504,0.20092935197097134,1.9727616234668017,0.6423106981216605,-0.05829293508684283,-1.3278141401762307
1726406900109361400,5.320361328125,2.3459631829899195,-0.7373599669986473,0.20113291268287575,1.973655140089549,0.6421854069275097,-0.05868310944216702,-1.327918266388714
1726406900119359500,5.330359375,2.3500131335998704,-0.7375024865410742,0.20128435141634957,1.9765990956968886,0.6419177463629531,-0.05929804870263761,-1.3281411399813239
1726406900129357300,5.340357421875,2.356664695493713,-0.737813250511127,0.2014178128221795,1.9819018545745002,0.6414442595748778,-0.060097335532440434,-1.3282997109845545
1726406900139355400,5.35035546875,2.3654211282145052,-0.7382859927475086,0.20157403028521076,1.9891309697202646,0.6407663371127208,-0.06099337839095092,-1.3282392866563695
1726406900149353500,5.360353515625,2.375529401496695,-0.738882169640427,0.20168813806784316,1.9977603245266404,0.6399561816064429,-0.061895173238919805,-1.3280082546661343
1726406900159351300,5.370351318359375,2.3864197257743855,-0.7395640178298043,0.20171152696367434,2.007362906358082,0.6390769634110701,-0.062754306575214,-1.327682854315825
1726406900169349400,5.380349365234375,2.3965450007632447,-0.7402582995162879,0.20158879575386146,2.016741236173545,0.6382490464261849,-0.06338520527814939,-1.3272703391655574
1726406900179347200,5.39034716796875,2.404323211154906,-0.7408867018852676,0.20117169527413192,2.0248346115591027,0.6376320740650409,-0.06357941165615559,-1.3269106336630148
1726406900189345300,5.40034521484375,2.4090064570855936,-0.7414040556849368,0.20031517530863163,2.0312632763099265,0.6373349077067929,-0.0632307379173723,-1.3267885753097888
1726406900199343400,5.41034326171875,2.411096706596402,-0.7418125443028976,0.19882058134040245,2.0367680955142387,0.6374115890086096,-0.06237808616069288,-1.327229359734448
1726406900209341200,5.420341064453125,2.411244258223042,-0.742144406591207,0.19662104128991964,2.042038750503902,0.6378349422445865,-0.06106071225766178,-1.3283056036315593
1726406900219339300,5.43033935546875,2.4100584373459886,-0.7424358418058082,0.19375350696090154,2.0475530314765447,0.6385362720448312,-0.059328905800554055,-1.329943055489297
1726406900229337300,5.44033740234375,2.4080940213717366,-0.7427404935814219,0.19043640288834582,2.053456054638197,0.6393701921889082,-0.057239358193975694,-1.3317878254922901
1726406900239335400,5.45033544921875,2.4056418830940123,-0.7431148122434456,0.1869939787765623,2.059505154396049,0.6401621260917373,-0.05482664823123292,-1.3333100435327094
1726406900249333500,5.46033349609375,2.4041753463867677,-0.7436287565763754,0.18350289645605666,2.066800774988714,0.6407889974567554,-0.052271298330903285,-1.334459151551694
1726406900259331600,5.47033154296875,2.404469484810606,-0.74431800135964,0.180123143618882,2.075684768789468,0.6411513040454055,-0.049711492420559715,-1.3350885417574265
1726406900269329400,5.480329345703125,2.407165289680854,-0.7451984995052827,0.17695648937438588,2.0864487307437276,0.6411937040298791,-0.047288394635664345,-1.3351735728652643
1726406900279327500,5.490327392578125,2.411973045460595,-0.7462205879974991,0.17411870083205308,2.0984944717118053,0.6409394131918453,-0.04510193035902868,-1.3347515882845706
1726406900289325600,5.50032568359375,2.417965448659426,-0.7472900029603824,0.17173567080411567,2.1106162860620494,0.6404657277756626,-0.04322189983439688,-1.3339072801804595
1726406900299323400,5.510323486328125,2.424418999298403,-0.7483532474587403,0.16979246560200542,2.122156494618751,0.6398481294188723,-0.04162016426242204,-1.3327411690775315
1726406900309321500,5.520321533203125,2.4306509464250343,-0.749365330630086,0.16816753058129083,2.1327364122956065,0.6391826862197554,-0.04021030586414302,-1.3314233361072243
1726406900319319600,5.530319580078125,2.4360159909981776,-0.7502903227628359,0.166678838273197,2.1421654078110257,0.6385705803487554,-0.038861071631585434,-1.330138049725214
1726406900329317400,5.5403173828125,2.4404604118604984,-0.7511527267164252,0.16509020898649715,2.1509623216398,0.6380556551790495,-0.03741261034723564,-1.3289915864175248
1726406900339315500,5.5503154296875,2.443868584018274,-0.7519747754345781,0.16324275783863074,2.159442055097615,0.6376594539320001,-0.03572488161317303,-1.3280075782066856
1726406900349313500,5.5603134765625,2.4464812217175034,-0.7527751889695364,0.16111199095229156,2.1678863077652477,0.6373621936128798,-0.03379292277648965,-1.3271707417906604
1726406900359311400,5.570311279296875,2.4488557492453524,-0.753534196289085,0.15876001486608288,2.1765156355671835,0.637158441527012,-0.031789884550017224,-1.3266137556739235
1726406900369309400,5.580309326171875,2.451147619501919,-0.754252606842201,0.15625915775961113,2.185299364750201,0.6370241694674271,-0.02977208402070792,-1.3262968248695637
1726406900379307500,5.5903076171875,2.453306313561071,-0.7549388470375668,0.15369113336051854,2.1940584727316095,0.6369274641971797,-0.02774537620813042,-1.3261002867510148
1726406900389305300,5.600305419921875,2.4553392967929297,-0.7555946644036149,0.1510719610634896,2.2027723383320215,0.6368616730636223,-0.025713023266286508,-1.3260036759214506
1726406900399302400,5.610302490234375,2.4573116855115016,-0.7562166358580127,0.1484724549202892,2.2113300311113364,0.636811853361032,-0.02372639204478354,-1.3259759010135819
1726406900409301200,5.62030126953125,2.4595942590899913,-0.7568277899208882,0.1459296497807882,2.2199763647234945,0.6367413877705174,-0.021835970687210146,-1.3259730931987914
1726406900419298300,5.63029833984375,2.4626031014020926,-0.7574157695150967,0.14354128078047715,2.2287631048141257,0.6366390771369986,-0.020198431459619828,-1.3260530814864653
1726406900429296400,5.64029638671875,2.4661127900336157,-0.7579618837969694,0.14140947924455197,2.237259730237541,0.6365074211883864,-0.018854915442520458,-1.326175621753069
1726406900439294500,5.65029443359375,2.469881100611272,-0.7584852639560127,0.13955048954279511,2.2453037841555115,0.6363265360403624,-0.017732726921727813,-1.3262109982587555
1726406900449292500,5.66029248046875,2.474255465362522,-0.7590182041146016,0.1378674141072698,2.253430065685554,0.6360832563338039,-0.016798598294061634,-1.3261766326101705
1726406900459290600,5.67029052734375,2.479652448725702,-0.7595883317529807,0.13627052948373464,2.262197452492725,0.635766018112105,-0.016043494842564832,-1.3261102005147445
1726406900469288400,5.680288330078125,2.4859697842597033,-0.760188730235234,0.1347486433274546,2.2715385161509363,0.6353872532891949,-0.015454864265584085,-1.3260280405141125
1726406900479286500,5.69028662109375,2.4925622808604997,-0.7607686276030083,0.13329288336118236,2.2808846961703737,0.6350113799646344,-0.014988885178038966,-1.3260106805496044
1726406900489284400,5.700284423828125,2.4983294760192107,-0.7612984859721984,0.1318793950131005,2.2894275592507483,0.634683498457455,-0.014464824617878229,-1.32598221897148
1726406900499282400,5.710282470703125,2.502766494915608,-0.7617409066025227,0.13043445815479612,2.2968777576630113,0.6344660004149585,-0.013807119637127883,-1.3260518045863745
1726406900509280500,5.720280517578125,2.5062348435961606,-0.762111759556343,0.12888081053029105,2.303707008607019,0.634354833847411,-0.013016254280059673,-1.3262763588992534
1726406900519278300,5.7302783203125,2.5092489731135235,-0.7624442530634226,0.1271771304531776,2.3104602093994866,0.6343170546445082,-0.012112128615776254,-1.326648023012034
1726406900529276400,5.7402763671875,2.511939248775075,-0.7627095453578926,0.12546624991656014,2.3168480741979587,0.6343547633928392,-0.011245113923610004,-1.3272074296758682
1726406900539274500,5.7502744140625,2.5139620770555466,-0.7628471268549646,0.12390023315890261,2.3221418982498783,0.6345092733995458,-0.010532787200150825,-1.3280320217159105
1726406900549272300,5.760272216796875,2.5151028306360472,-0.7628198644712413,0.12243951136749898,2.3261883653172095,0.6348346110174047,-0.009973110392493073,-1.329257782758124
1726406900559270400,5.7702705078125,2.5150402106094005,-0.7626552330149743,0.12101058331967016,2.328981108638335,0.635314651346519,-0.009418401353356334,-1.330769254769009
1726406900569268500,5.7802685546875,2.5141125112009863,-0.7624605497227789,0.11949026120883627,2.3312886107459696,0.6358462273763229,-0.008688888227584946,-1.332289415747322
1726406900579266300,5.790266357421875,2.5129050190910567,-0.7622890390024275,0.11786437901131626,2.333691198489294,0.6363665767594906,-0.007801297388846434,-1.3337231312894309
1726406900589264400,5.800264404296875,2.5117812525071694,-0.7621597627547991,0.11625228844903668,2.336228480799589,0.6368287070312649,-0.006862208550810919,-1.334988500863664
1726406900599262500,5.810262451171875,2.5105770131778185,-0.7620654753043714,0.11482424860505325,2.338376046667057,0.6372097965301285,-0.00595268884737296,-1.3359847580828927
1726406900609260300,5.82026025390625,2.5092216667031817,-0.7619977328345848,0.11365773114817557,2.3398833569814452,0.6375069859889844,-0.005121125943074691,-1.3366892611198133
1726406900619258400,5.83025830078125,2.5078013147075717,-0.7619641890806367,0.11274024036863835,2.340857296049011,0.63771550492319,-0.00436591159761205,-1.3371005052749383
1726406900629256400,5.84025634765625,2.5064130253364745,-0.7619435630808583,0.11215219967885384,2.341134441673883,0.6378474700660003,-0.0037895410202974183,-1.3372749226836618
1726406900639254300,5.850254150390625,2.505604216746952,-0.7619479366488207,0.11190570691737331,2.3411151473793073,0.6378874902054552,-0.003483442993727206,-1.337258456190391
1726406900649252400,5.86025244140625,2.506304541066536,-0.7620229135654436,0.11193648139192929,2.341731962429087,0.6377922346518621,-0.0035097751833546935,-1.3370709467464337
1726406900659250400,5.87025048828125,2.508624843411941,-0.7621759325192651,0.11229916007369198,2.342957914570973,0.6375432737784587,-0.003910327255355035,-1.3366748818215097
1726406900669248300,5.880248291015625,2.511635158497893,-0.7624083647416672,0.11299319517562793,2.344114845486997,0.6371385675320398,-0.004507933878477523,-1.3358991526784556
1726406900679246300,5.890246337890625,2.514280488667126,-0.762673848023121,0.11390278723406712,2.344586979240239,0.6366542289494682,-0.005111380314853824,-1.3348068058303637
1726406900689244400,5.900244384765625,2.5161519882203898,-0.7629183580569795,0.11478674594070364,2.344502097022453,0.6361984328945903,-0.005588114441509104,-1.333673267909241
1726406900699242200,5.9102421875,2.5173991413295846,-0.763169346005017,0.11548122948452219,2.3444065875606124,0.6357693522315816,-0.005824414494087768,-1.332512921485008
1726406900709240300,5.920240234375,2.5186346082959714,-0.763467965489098,0.1158845858693691,2.345072603759312,0.6353375497494098,-0.005810860481128667,-1.3313376704718682
1726406900719238400,5.93023828125,2.520088817165596,-0.7638157510169292,0.11599043034839922,2.346683756708637,0.6349020378829695,-0.005586774462302978,-1.330184576795882
1726406900729236500,5.940236572265625,2.5220910671011283,-0.7642240977820896,0.11584379316718484,2.3494011431355903,0.6344402232049164,-0.00522482928146996,-1.3290422931495052
1726406900739234600,5.950234619140625,2.5250330956359774,-0.7647113496597593,0.11543833480857897,2.3535628849150134,0.6339305497976275,-0.004769103741824206,-1.3279141793422016
1726406900749232400,5.960232421875,2.528475580803912,-0.7652799836789123,0.11461802645651338,2.359207272521756,0.6333978488374087,-0.0040413077876819865,-1.3267980160478001
1726406900759230500,5.97023046875,2.5319526499729976,-0.7659124710444805,0.11325545994788819,2.3662478172107506,0.6328845082474228,-0.0029041455283015617,-1.3257500362559813
1726406900769228500,5.980228515625,2.5348173279045723,-0.7665653152349409,0.1113823807465137,2.374050954661611,0.6324317696754578,-0.0013163336690178442,-1.3247941377512644
1726406900779226400,5.990226318359375,2.5367346297242084,-0.7672458911270118,0.10911859736765228,2.3821234094011494,0.6320019526618431,0.0007328477606937469,-1.3237619552420985
1726406900789224400,6.000224365234375,2.5379398954727326,-0.767939533756229,0.1065792754103947,2.3903465358101266,0.6315854069472739,0.0031110611907516437,-1.3226756262688226
1726406900799222500,6.010222412109375,2.538517712139616,-0.7685928520230828,0.10390701713558664,2.39834346107277,0.6312182720320931,0.005637342285084637,-1.321669930856679
1726406900809220400,6.020220458984375,2.5388498743820542,-0.7691929521974199,0.10137409541779362,2.405736981684826,0.6308729480698204,0.008052837988558307,-1.3207192609625251
1726406900819218200,6.03021826171875,2.5390767135888517,-0.7697217476956881,0.09930221018127008,2.4118416061039496,0.6305280259763332,0.010101339038556445,-1.3197623652942245
1726406900829216000,6.040216064453125,2.5395041685793553,-0.7701674975809857,0.09787936818790488,2.4164099685759126,0.630180543762291,0.011583007007269063,-1.3188203661112037
1726406900839214000,6.050214111328125,2.540619097733645,-0.7705141961473103,0.09720359576225791,2.4195245575212185,0.6298473317619623,0.012311790652884572,-1.318009229201762
1726406900849212200,6.060212158203125,2.5430501702534842,-0.7707495615917197,0.09724296316548134,2.421682998288612,0.6295561857679026,0.0121629253693184,-1.3175125928475449
1726406900859210000,6.0702099609375,2.5463707296004143,-0.7708668607160634,0.09787570385456283,2.4228493604007184,0.6293306689018779,0.011288455544931702,-1.31733623548767
1726406900869208000,6.0802080078125,2.5501834093220475,-0.7708882072403225,0.09890716697191565,2.4232427226383497,0.6291662500231351,0.009925726212177985,-1.3174146148357526
1726406900879204900,6.090204833984375,2.5542058710031124,-0.7708258217195223,0.10016993054033883,2.423079848904657,0.6290670381707484,0.008257011670940048,-1.3177251200476152
1726406900889204000,6.100203857421875,2.5580921970833885,-0.7707011980558042,0.10146957348211025,2.422611193556601,0.6290320256229266,0.0065056349221850615,-1.3182176395206808
1726406900899201300,6.110201171875,2.5618388584627634,-0.7705429951719992,0.10265427089483112,2.4222472037178737,0.6290488209564304,0.00480968141089909,-1.3188572153821962
1726406900909199000,6.12019921875,2.5659120115620078,-0.7703685302239015,0.10354520621389568,2.4227770063677854,0.6291267458191055,0.0032154457230473238,-1.3197499156172887
1726406900919197200,6.130197265625,2.570058160368267,-0.770211715435776,0.10397928256586454,2.424465538295128,0.6292524242514344,0.001923086942707464,-1.3208077825587743
1726406900929195300,6.1401953125,2.573630225828364,-0.7700824219706591,0.103831252140715,2.4271525010597643,0.6294369940347397,0.0011483438403008474,-1.3219543102999234
1726406900939193000,6.150193115234375,2.5767145980601525,-0.7699749107503104,0.10300170527055563,2.4311212260594366,0.6297050295648154,0.000929273555282982,-1.3232751474193472
1726406900949191200,6.160191162109375,2.579708318198692,-0.7698798206020463,0.10146511171912229,2.436709350843896,0.6300701108648399,0.0011985332090864195,-1.3248744644119816
1726406900959189200,6.170189208984375,2.582688317607407,-0.7698078828509759,0.09939789032824822,2.4435935506413724,0.6304858339667982,0.0018538265856189056,-1.3266225402355172
1726406900969187000,6.18018701171875,2.5857791619292616,-0.7697364852264291,0.09704916603201025,2.451246478135757,0.6309358514280606,0.00268867531078339,-1.3284885409453817
1726406900979185200,6.19018505859375,2.588626612707696,-0.7696309740000614,0.09475934587888686,2.458542247433089,0.6314083821717309,0.0035039693326801642,-1.33037957976542
1726406900989183200,6.200183349609375,2.5907427282451305,-0.769444764586967,0.09273674117195409,2.4645332996984415,0.6319312378877286,0.004185747620787429,-1.3323072650464347
1726406900999181000,6.21018115234375,2.591970440610874,-0.7691462368401374,0.0910466093094089,2.4688790760241894,0.6325367423433023,0.004669997981226952,-1.3343481980412633
1726406901009179100,6.22017919921875,2.592436470524656,-0.7687390422431464,0.08965708387182844,2.471747920844559,0.6332276518841179,0.004953609835843462,-1.3365320445641837
1726406901019177200,6.23017724609375,2.5923319953963975,-0.7682569291413144,0.08851409570252469,2.4734684757099488,0.6339721483962758,0.00507891550406021,-1.3387936634125934
1726406901029175000,6.240175048828125,2.5916734619820665,-0.767714110877343,0.08760650394588004,2.4741002041602727,0.6347555372944119,0.005064904939133362,-1.341093622207792
1726406901039173000,6.250173095703125,2.590785450653017,-0.7671469039568042,0.08694758582051676,2.473919317879137,0.6355327040077587,0.004891302981684249,-1.3433407705478164
1726406901049171200,6.260171142578125,2.590412951333883,-0.7666382428847752,0.08649646997227198,2.473742560403245,0.6362101396233789,0.00456806713715953,-1.345356138082292
1726406901059169000,6.2701689453125,2.591089938738669,-0.766235198812168,0.08621682432198724,2.4741535197383433,0.6367366553161186,0.004093955822914641,-1.3470549404286203
1726406901069167000,6.2801669921875,2.593383974475076,-0.7659801288455942,0.08606822426370439,2.4757649552297676,0.6370673442680088,0.0034604114365958762,-1.3483750276484416
1726406901079165200,6.290165283203125,2.597258807698087,-0.76588120071357,0.08600969718863627,2.478666516275435,0.6371977696150353,0.002714861248410799,-1.3492943688343213
1726406901089163000,6.3001630859375,2.6018180781803584,-0.765909770160791,0.08603843621669867,2.482127267673678,0.6371621466926807,0.0019706828023670154,-1.3497944378380307
1726406901099161000,6.3101611328125,2.606401132110307,-0.7660146241276389,0.08614249273152033,2.4855719892365244,0.6370238657291261,0.0012752568007305017,-1.3499823241016249
1726406901109159000,6.320158935546875,2.610608192705543,-0.766121960268543,0.08630692071325273,2.4885908844855824,0.6368735529128416,0.0006056877341386885,-1.3500809330720893
1726406901119157000,6.330156982421875,2.6140366961274437,-0.7661646672532959,0.08654165060836559,2.490728047478882,0.6367906221572363,-0.00006639569989654009,-1.3502790893377346
1726406901129155000,6.340155029296875,2.616662676252163,-0.7661234889536238,0.08687129119334167,2.4918712465229538,0.6367946815505587,-0.000778531924131128,-1.3506339017444966
1726406901139153000,6.35015283203125,2.619506392615683,-0.7660074024105487,0.08723445825473491,2.492967301308913,0.6368830716440408,-0.0016443916951454473,-1.351272206785665
1726406901149151000,6.36015087890625,2.6224825967379943,-0.765818441670725,0.08766932531177526,2.493865046166383,0.6370471056345454,-0.0026717955127362855,-1.35215620424684
1726406901159149000,6.370149169921875,2.625140595107053,-0.7655592877878851,0.08811480430147677,2.49437151860706,0.6372916436198258,-0.0037408473908257358,-1.3532423387269734
1726406901169147100,6.380147216796875,2.6275051335308737,-0.7652617769977939,0.08836225833523495,2.4950651776333093,0.6376085418742943,-0.004671793882233447,-1.3545070205070058
1726406901179145200,6.390145263671875,2.630105128341139,-0.7649657704575474,0.0882519845806985,2.49681077105899,0.6379733556301649,-0.005388667396010332,-1.3559383293004938
1726406901189143300,6.400143310546875,2.6325069965785226,-0.7646542594421066,0.08786967278766707,2.499038870602762,0.6383949290690165,-0.005900786550140272,-1.3575063932215607
1726406901199141000,6.41014111328125,2.634011701849334,-0.7643137440185133,0.08731364593367946,2.5009466512027525,0.6388760881117134,-0.006182130737993916,-1.3591343969354042
1726406901209139200,6.42013916015625,2.6344460774885814,-0.7639318299623867,0.08657667854661977,2.5023923168098134,0.6394325789741387,-0.006218000435169817,-1.3608517562307232
1726406901219137300,6.43013720703125,2.6333874093655454,-0.7635081402209679,0.08571533781456642,2.5029049028407875,0.6400565713925301,-0.00598513856724789,-1.3625880218277544
1726406901229135000,6.440135009765625,2.631237804991277,-0.7630433092715185,0.08471733595482621,2.5028236050241075,0.6407473544483436,-0.005540049685650104,-1.3643944183313523
1726406901239133200,6.45013330078125,2.629039216686814,-0.762560070846452,0.08359662496960445,2.5029668712171813,0.6414737214664713,-0.005025723370994157,-1.366306738279688
1726406901249130000,6.4601298828125,2.627046354854026,-0.7620612581486422,0.08246912104364798,2.503258504278301,0.6422155471515869,-0.004558278644828446,-1.368297161483918
1726406901259128000,6.470128173828125,2.6248482320418094,-0.7615414920975004,0.08148639809092685,2.5029973055579635,0.6429596392176805,-0.004189563336243965,-1.3702790057072818
1726406901269126100,6.480126220703125,2.622012058557341,-0.7610093639338504,0.08080125747430886,2.501482065921935,0.6436770945140634,-0.0039547767731316075,-1.3721149435204312
1726406901279124000,6.4901240234375,2.618510550361191,-0.760467439846195,0.0804395752266469,2.4986277888638013,0.6443631655451746,-0.003868947459220315,-1.3737895420115882
1726406901289122000,6.5001220703125,2.6144732908941712,-0.7599171934860077,0.08036503275774516,2.4946237632869113,0.6450208001530909,-0.003926439419072625,-1.3753232290368145
1726406901299120000,6.5101201171875,2.6108024157997254,-0.7594089842959734,0.08051109052063313,2.49043637894506,0.645599519201691,-0.0041487967953184315,-1.376668003466402
1726406901309118000,6.520117919921875,2.607606007845908,-0.7589439923834197,0.0808527382672506,2.4862171042496,0.6461008118079854,-0.004530532563308177,-1.377838201366402
1726406901319116000,6.530115966796875,2.6047988618234763,-0.7585338729966331,0.08130405749130758,2.4821327733242473,0.6465223272501995,-0.004980504014955318,-1.378814598735686
1726406901329114000,6.540114013671875,2.6024072650496044,-0.7581943842669998,0.08175966957967276,2.4784935050157406,0.6468596403197793,-0.0054046433672241875,-1.379583485816441
1726406901339112000,6.55011181640625,2.600815505807008,-0.7579416805834501,0.08217717933757876,2.475740559991981,0.6470994560934051,-0.005805304051457602,-1.3801471507701917
1726406901349110000,6.560110107421875,2.6005401665839796,-0.7578018060258861,0.08263915663413286,2.474134485843748,0.6471999846413836,-0.006279399396595665,-1.3804379160221312
1726406901359108000,6.570108154296875,2.6016136364748657,-0.7577917417291755,0.08329232015201511,2.473378067955246,0.6471216249368041,-0.006911296043680554,-1.3803411135690486
1726406901369106200,6.580106201171875,2.603574957653739,-0.7578808032043264,0.08434893286409888,2.472532292663803,0.6468699842426074,-0.007824168803941179,-1.3798264690278657
1726406901379104300,6.590104248046875,2.6066649147310303,-0.7580563724401183,0.08588010017646795,2.471593002125633,0.6464456286898608,-0.009118745439265979,-1.3789333636478096
1726406901389102300,6.600102294921875,2.61189026263431,-0.7583411025605206,0.08781293886374131,2.4715780167855783,0.6458247568691177,-0.010859786027448338,-1.3777178017723708
1726406901399100200,6.61010009765625,2.6195267750478677,-0.75872958530992,0.09005682743281584,2.472911894332827,0.6450187379576651,-0.01303303578060794,-1.3762580260281718
1726406901409098200,6.62009814453125,2.6297558332638578,-0.7591948632464325,0.09255368817096378,2.4758235710201935,0.6440587381062466,-0.01566308868311598,-1.3746839665171
1726406901419096000,6.630095947265625,2.642795429283199,-0.7597043223929233,0.09524319714030097,2.4805669480775827,0.6429815931974184,-0.01878485915447432,-1.3731427981964135
1726406901429094100,6.64009423828125,2.6576718808360793,-0.7602232328006228,0.09808525121031833,2.4864039482908145,0.6418284975668445,-0.022272322258145988,-1.371646077053441
1726406901439092200,6.65009228515625,2.6731020778521932,-0.7606740749541457,0.1010398653443858,2.492284179648142,0.6406946658265348,-0.026002681974761396,-1.3703321746742105
1726406901449090000,6.660090087890625,2.6875170219763267,-0.7609872891838225,0.10404009150049096,2.4970185114153685,0.6396774705932906,-0.029777073740560652,-1.3693033029013373
1726406901459088100,6.670088134765625,2.699879489222028,-0.7611013466943835,0.10693652893117561,2.500055743923053,0.6388843580118556,-0.03340587324598246,-1.368740646915494
1726406901469086200,6.680086181640625,2.7093700552621023,-0.7609801065189462,0.10949158962063005,2.501269387799503,0.6384184022260465,-0.03664403358319082,-1.3688190322489382
1726406901479084000,6.690083984375,2.7154889825959483,-0.7606080364435629,0.11153386428184758,2.5006521291963315,0.6383490813741061,-0.03932060882387988,-1.369649237294713
1726406901489082000,6.70008203125,2.7185505388166447,-0.7599940169493223,0.11296919186515908,2.4986877865986554,0.638695490538102,-0.04141301055694521,-1.3712988578494067
1726406901499080200,6.710080078125,2.719662800866826,-0.7592434898433219,0.11364662847442275,2.4967772300109132,0.6393718052205938,-0.04286754898943108,-1.3736078461193253
1726406901509078000,6.720078125,2.71991457525606,-0.7584869102645739,0.113456700507311,2.4962509628778737,0.6402516954525564,-0.04362209388416003,-1.3762915050003641
1726406901519076000,6.730076171875,2.7197788069519406,-0.7577796752791324,0.11255528993518643,2.4972030593196823,0.6412364551808465,-0.04378417759677401,-1.3791300834070805
1726406901529074200,6.74007421875,2.720388727478363,-0.757207637651297,0.1111331230857397,2.5002294145857578,0.6421765783539475,-0.04353593176126058,-1.3818281846228337
1726406901539072000,6.750072021484375,2.7228212212178575,-0.7568753051134731,0.1093807332093847,2.5059161908903484,0.6429030582452311,-0.04302676879527451,-1.384017549045474
1726406901549069000,6.760069091796875,2.727603142688631,-0.7568235845865694,0.10754247145630329,2.514171350074076,0.6433126247817124,-0.04244408287670173,-1.3854767561998478
1726406901559067100,6.770067138671875,2.7344911729831005,-0.7570395864745507,0.10586097759848906,2.5241842042615215,0.6433702933606172,-0.04194213996869531,-1.38610854158769
1726406901569065200,6.780065185546875,2.743038805067995,-0.7574459703092863,0.10460375119656648,2.5348077869192225,0.6431104168985053,-0.04174508375964778,-1.3860134808933366
1726406901579063300,6.790063232421875,2.752989407502853,-0.7579836898438667,0.1038959132278259,2.5454207791539085,0.6425758119983878,-0.04198433359025046,-1.385317022290425
1726406901589061000,6.80006103515625,2.764462459236611,-0.7585960530348893,0.10375349807823599,2.555982146843874,0.6418246945251556,-0.04275756305794616,-1.384213443571819
1726406901599059200,6.81005908203125,2.77764203090904,-0.7592042252199327,0.10419920429016204,2.5664649706247693,0.6409357113287242,-0.044191385760163175,-1.3829656210449455
1726406901609057300,6.820057373046875,2.792170861521245,-0.759760718393213,0.10517389609339418,2.576655331964839,0.6399715428238844,-0.04624468753584069,-1.381718329864556
1726406901619055000,6.83005517578125,2.807145357587782,-0.7601878680190504,0.1066112403518186,2.5858829164734463,0.6390344055222164,-0.048821087356758434,-1.3806794649150873
1726406901629053200,6.84005322265625,2.821502253798234,-0.7604262421498884,0.10843844763289287,2.593398626586356,0.6382103236341544,-0.05177379341717844,-1.3799934899339596
1726406901639051300,6.85005126953125,2.834800410904553,-0.7605224795668417,0.1104854509062675,2.5993338746205437,0.6374853968326271,-0.054871274080974294,-1.3795542703074648
1726406901649049000,6.860049072265625,2.8474937133340585,-0.7605504048274984,0.11269935866031025,2.604285869212254,0.6367813302358416,-0.05806419567725277,-1.3791721103279235
1726406901659047200,6.870047119140625,2.8601426810049926,-0.760562864460421,0.11514397649495353,2.6086196579191476,0.6360134353500783,-0.06142334851885547,-1.3786753309144706
1726406901669045200,6.880045166015625,2.8734781137536873,-0.7605825964488462,0.11789770769609327,2.6127645560374293,0.6351212207713103,-0.06507940221292953,-1.3779866068568927
1726406901679043000,6.89004296875,2.8882633610032773,-0.7606185417602859,0.12099044596535102,2.6172774489628887,0.6340661698440326,-0.06914457955841678,-1.377085422782985
1726406901689041200,6.900041259765625,2.9049688708120223,-0.7606531970076066,0.12437152435092944,2.622644088200568,0.6328610234277507,-0.07365744198332591,-1.3760526187984954
1726406901699039200,6.910039306640625,2.9241615863926445,-0.7606592894930176,0.12775240967869061,2.630005618444905,0.6315958932612593,-0.07850705121339369,-1.3751256632119446
1726406901709037000,6.920037109375,2.945866836819339,-0.7606279499683799,0.13075623774329168,2.640303538130193,0.6303861463282481,-0.08343442295171778,-1.3745109020930584
1726406901719035100,6.93003515625,2.9696632576429933,-0.7605751342348447,0.13310417383041503,2.6539051385316568,0.6293127655129074,-0.08817162725170548,-1.3742727120565463
1726406901729033000,6.940032958984375,2.994870073099287,-0.7605557390657943,0.13457127673421812,2.6708734657105593,0.6284127085741663,-0.09242851784982133,-1.3743286753253812
1726406901739031000,6.950031005859375,3.0195781240465984,-0.7605730876432675,0.1351641192970389,2.689646008338865,0.62773472375029,-0.09595988405366937,-1.3746091368068032
1726406901749029000,6.960029052734375,3.0417065605244704,-0.7606005077594767,0.1350020001176308,2.708211960460652,0.6273270331024405,-0.09860010671005774,-1.3751022430811635
1726406901759027000,6.97002685546875,3.060931408360638,-0.7606068178391763,0.13405511196199496,2.7263708845421273,0.6272536743004731,-0.1002966966827404,-1.3759498837475597
1726406901769025000,6.98002490234375,3.0774070336626833,-0.7605991640621835,0.13229895603836309,2.7443303244575836,0.6275169828144842,-0.10103697672143812,-1.3771650237003008
1726406901779023000,6.990023193359375,3.0916874386222015,-0.760633800158213,0.1297141647698062,2.762641255598403,0.6280460235034682,-0.10083968631432351,-1.3785982585564232
1726406901789021000,7.00002099609375,3.1044372941741076,-0.7607248702974618,0.12638927072843908,2.781642462760215,0.6287730347726577,-0.09984004257851123,-1.3801606895190985
1726406901799019000,7.01001904296875,3.114875431613567,-0.7608728620868254,0.12254666948607605,2.800124720783182,0.6296265964982393,-0.09810849359809423,-1.381714994742435
1726406901809016000,7.02001611328125,3.122323044226597,-0.761097780442326,0.11832280581996474,2.8171803817190426,0.6305380645988902,-0.09566383404201866,-1.3831212835928048
1726406901819015000,7.030014892578125,3.127139108714923,-0.7613551892325039,0.11392595286252469,2.832542307061283,0.6314743167911065,-0.09273231779446824,-1.3844177444846328
1726406901829012700,7.0400126953125,3.129994432602367,-0.76166296690185,0.10957825364073887,2.8461935472020707,0.6323287496885285,-0.08956822085176085,-1.3854486730803184
1726406901839010800,7.0500107421875,3.1327321914724435,-0.7620692727485143,0.10544426924024922,2.8592496556939335,0.6329672707147898,-0.08651281295731915,-1.386003705124597
1726406901849009000,7.0600087890625,3.136981818738005,-0.7625507445292645,0.10185713504629265,2.872187432967246,0.6333081080992077,-0.08403821321176533,-1.386028447558038
1726406901859006700,7.0700068359375,-3.1394051251455983,-0.7630651521491664,0.09912304607413884,2.8850525589445994,0.6333201204637433,-0.08253302806668888,-1.3855498295176871
1726406901869004800,7.0800048828125,-3.1298506883886543,-0.7635757921123139,0.097391638828771,2.8976059413124564,0.633021370614101,-0.08216284483706533,-1.3846434901754232
1726406901879003000,7.0900029296875,-3.119414946180507,-0.7640607777732747,0.09676061405056806,2.9080207390917603,0.6324500255652575,-0.08279770392306827,-1.3833516832377606
1726406901889000700,7.100000732421875,-3.1106188461067936,-0.7644773957735406,0.09720204364695795,2.914265317878781,0.6317032570097196,-0.08412467264622986,-1.3818351799603033
1726406901898998800,7.109998779296875,-3.104037500864263,-0.7647869874954498,0.09849489288606206,2.916434577478361,0.630889125229908,-0.08589811385349057,-1.3803119344054124
1726406901908996900,7.119996826171875,-3.098970831145432,-0.7649850175297498,0.1003900439714409,2.9157603932491165,0.6300607640757664,-0.0879955875597813,-1.3788869952055933
1726406901918994700,7.12999462890625,-3.0943855911858535,-0.7650833174293228,0.10280977258433026,2.9133050856551077,0.6291998013436956,-0.09047310944743012,-1.3775375985405773
1726406901928992800,7.13999267578125,-3.0893416557949496,-0.7651083864705909,0.10570189751649944,2.9099851918397976,0.6282621225933415,-0.09339676309112262,-1.3761785913993554
1726406901938990800,7.149990966796875,-3.083402192607512,-0.7650888647765186,0.10886611825457836,2.9066826854902628,0.6272518857184465,-0.09665508516074976,-1.3747880171589602
1726406901948988700,7.15998876953125,-3.0767930431489123,-0.7650650203446039,0.11203938353377509,2.9038974615839037,0.6261961949704167,-0.10000449279320468,-1.3733488505965383
1726406901958986800,7.16998681640625,-3.070420775384732,-0.7650564492269846,0.11508999602020976,2.9012293831958638,0.6251300615956036,-0.10322450922225362,-1.3718723699025845
1726406901968984800,7.17998486328125,-3.064611368356469,-0.7650774983268861,0.11789506391663633,2.8987326982555053,0.6240867401741516,-0.1061744906565764,-1.370382808003363
1726406901978982700,7.189982666015625,-3.0594250843518616,-0.7651228560287732,0.12040594259562895,2.896484025188908,0.6230970855362021,-0.10880935753783307,-1.3689307010697092
1726406901988980700,7.199980712890625,-3.0548485245604424,-0.7651731101366228,0.12259216561989937,2.894571622157098,0.6222023432631175,-0.11111012259264598,-1.367604484497199
1726406901998978600,7.209978515625,-3.050685909019453,-0.7652303284799541,0.12433828305470586,2.8934556838530097,0.621442683221665,-0.11301105770657087,-1.3664644749236694
1726406902008976600,7.2199765625,-3.046800173699016,-0.765287904915572,0.1256075496551899,2.8933427486526484,0.6208432817435705,-0.11450269423378656,-1.3655583593228262
1726406902018974700,7.229974609375,-3.043759490957044,-0.7653854680934721,0.12639890750375515,2.8937817283279283,0.6203765689840991,-0.11550442581125796,-1.364780486947733
1726406902028972500,7.23997265625,-3.0418715131765794,-0.7655195584047315,0.12675344932522387,2.8944185284450206,0.6200445991749242,-0.11600861892316422,-1.3641353836021322
1726406902038969900,7.249969970703125,-3.0412015946551683,-0.7656524085987045,0.12683973392993758,2.8947599251927194,0.619837567382517,-0.11614393075540755,-1.3636586319752502
1726406902048968000,7.259968017578125,-3.041441622027445,-0.765776050404112,0.12682959852675207,2.8946114746676126,0.6196978105647591,-0.11608594339613516,-1.36328051897068
1726406902058965800,7.2699658203125,-3.041663557762631,-0.7658584170964146,0.12685555537304508,2.8943775465388324,0.6195945698366249,-0.11606473683913075,-1.3630117751346174
1726406902068963800,7.2799638671875,-3.0415443527627763,-0.7658847358881,0.12702981129141458,2.8940281201149105,0.6194986280043244,-0.11621302425577681,-1.3628362576645143
1726406902078961700,7.289961669921875,-3.0410234581511673,-0.7658658324024628,0.1273781347418079,2.893546536746182,0.6193857386067764,-0.11655730079483345,-1.3627022742472266
1726406902088959700,7.299959716796875,-3.039972162299702,-0.7657818795821761,0.12781267875874375,2.8932614355364645,0.6193074624340187,-0.11704867586482602,-1.36271690806191
1726406902098957800,7.309957763671875,-3.0382224530749276,-0.7656106942554499,0.12827896257968419,2.8934459517851,0.619305067753676,-0.11766960987030164,-1.3629724677700072
1726406902108955600,7.31995556640625,-3.0361401263436116,-0.7653673236105032,0.12878260967838417,2.8937923973299045,0.6193671223120069,-0.11837362646316775,-1.3634256535088305
1726406902118953700,7.32995361328125,-3.0343198830601597,-0.765077722857226,0.12926389514547754,2.893978498305131,0.619498578922546,-0.11903170063279668,-1.3640408889572855
1726406902128951800,7.339951904296875,-3.0330382961356714,-0.7647716406126638,0.12958996203862116,2.8941281300666923,0.6197183831012697,-0.11949903894146818,-1.3648007908795987
1726406902138949600,7.34994970703125,-3.0317535642346622,-0.7645018279543643,0.12960371949635624,2.8950958604606627,0.6200066248001636,-0.11971512938926131,-1.3656120152131093
1726406902148947700,7.35994775390625,-3.031292144230144,-0.7644199848809468,0.12919733239878115,2.89651209023771,0.6202402321806765,-0.11946631913225042,-1.3660742232145764
1726406902158945800,7.36994580078125,-3.0319909571836527,-0.7645632095390703,0.12833738355463062,2.8981939230578195,0.6203935449118876,-0.11867823019350034,-1.3660956195583154
1726406902168943600,7.379943603515625,-3.0338868901868175,-0.7648678434268186,0.12722227438322542,2.8995870127299885,0.6204698717988382,-0.11751135421912137,-1.3657670730922076
1726406902178941700,7.389941650390625,-3.0373458813968757,-0.7652496725374202,0.12604294380282963,2.89988786032295,0.6205091893250587,-0.116079382276778,-1.3652561625459845
1726406902188939800,7.399939697265625,-3.04216110458846,-0.7656519164510898,0.1249397653970564,2.8988954367912356,0.6205247486120472,-0.11452607779160653,-1.3646630041916499
1726406902198937600,7.4099375,-3.0480557769391843,-0.7660082703284316,0.1240657120263582,2.8964303494489214,0.6205371962062147,-0.11301597762022597,-1.3641087929890803
1726406902208935700,7.419935791015625,-3.0546161413765844,-0.7662557197098087,0.12349271241854762,2.8926326591123277,0.6205898662071825,-0.11166911416924843,-1.3637468028864967
1726406902218933800,7.429933837890625,-3.0614239272713752,-0.7663628377733483,0.12323097439399722,2.8878070313433866,0.6207089975973401,-0.11055513594274631,-1.3636618827663283
1726406902228931600,7.439931640625,-3.068413398216197,-0.7663240399440363,0.12328746319775837,2.8819838261108837,0.6208987516607765,-0.1096922778213426,-1.363868118786486
1726406902238929700,7.4499296875,-3.0759733087848176,-0.7661310963975151,0.1237394248402212,2.8746413223981135,0.621152089792049,-0.10909546720957855,-1.3643556002459216
1726406902248927700,7.459927734375,-3.0841177960602186,-0.7658513354663313,0.12447748886717692,2.8660594170473592,0.6214244256882382,-0.10866804798505153,-1.3649624982570887
1726406902258924800,7.4699248046875,-3.092499512590684,-0.7655445102635319,0.1253424259758574,2.856942555731014,0.6216893587843891,-0.10832059379001802,-1.3655758722886107
1726406902268923000,7.4799228515625,-3.101098257479155,-0.7652234808597845,0.1263596572028639,2.847244250575957,0.621921620505972,-0.10807247962832509,-1.366135917051694
1726406902278920700,7.489920654296875,-3.110857534091207,-0.7649720643352553,0.12751256200382646,2.8362694086004026,0.6220488506875386,-0.10776582801738785,-1.3663964841132252
1726406902288918800,7.499918701171875,-3.122488843770675,-0.7648141407421081,0.1288153961976232,2.823418704520847,0.6220539801948108,-0.10730718644657186,-1.3662685091335838
1726406902298916900,7.509916748046875,-3.1355426367482555,-0.764752958494541,0.13027948063439448,2.809043787435167,0.6219198102619037,-0.10675265545074485,-1.3657197381015824
1726406902308914700,7.519914794921875,3.1344068656906856,-0.7648212984518062,0.13187821857944898,2.79425189816314,0.6215898402320613,-0.1062192302446866,-1.3646466600521827
1726406902318912800,7.529912841796875,3.121259808414541,-0.7650139786192122,0.13369760263351527,2.7790642930566953,0.6210364326215861,-0.10579419886808619,-1.363019626274019
1726406902328910800,7.539910888671875,3.112136324731018,-0.7652585752348453,0.13539461696487629,2.7675118673014647,0.6203730808297553,-0.10575802294597696,-1.361271091580039
1726406902338908700,7.54990869140625,3.1038575198309797,-0.7655105130393435,0.13716612377223594,2.7564919089991475,0.6196549873325368,-0.10586185618638944,-1.3594345659568674
1726406902348906800,7.55990673828125,3.0970293231581194,-0.7657324404234815,0.13883798857743057,2.746906364107245,0.618971180777855,-0.10607715708716269,-1.3577328006334224
1726406902358904800,7.56990478515625,3.091438822427887,-0.7658994530529963,0.14023948131041364,2.738986974597806,0.6184154213997075,-0.10626980150061369,-1.3563506602004893
1726406902368902700,7.579902587890625,3.086447865256863,-0.7659984927765133,0.141328660566004,2.732305483538559,0.6180331524794037,-0.10633749409365499,-1.3553543201200973
1726406902378900700,7.589900634765625,3.0807311907785553,-0.7660650364162379,0.14225624064992662,2.7254336730149302,0.6177616757426119,-0.10619801891385144,-1.354532142460842
1726406902388898600,7.599898681640625,3.0750607072433445,-0.7661826270709752,0.1428464395189476,2.7194818261912483,0.6175493920067173,-0.10579189518239641,-1.3537381668579562
1726406902398896600,7.609896728515625,3.0693052753179653,-0.7663722416502822,0.14304253899110508,2.7144975789060837,0.6173951253689675,-0.1050514099403215,-1.3529381194882968
1726406902408894700,7.619894775390625,3.06345465832401,-0.7666162143968257,0.14294815740199276,2.7102027833672926,0.6172822128488017,-0.10405819062329197,-1.3521269176287494
1726406902418892500,7.629892578125,3.058138643867661,-0.7668773627690932,0.14267511490388335,2.7067987608453,0.6171987781880105,-0.10299776882888304,-1.351367695697993
1726406902428890600,7.639890625,3.0535655844057845,-0.7671168664246395,0.14231030061326183,2.7042080639609174,0.6171540512842996,-0.10198215937340678,-1.350738313001952
1726406902438888700,7.649888671875,3.049980813886134,-0.7673405616137533,0.14183170020374733,2.7026824994610554,0.6171429157426617,-0.10102860234817564,-1.3502391254591042
1726406902448886500,7.659886474609375,3.0457333158639055,-0.7675949301798873,0.14139512625898387,2.700547895469835,0.6170952821430816,-0.09999384378743742,-1.349600124252051
1726406902458883800,7.6698837890625,3.0436374670293285,-0.767795438101982,0.1406281754637294,2.7009142844058918,0.6171729506550445,-0.09905293620733162,-1.3493664915408663
1726406902468882000,7.6798818359375,3.0409374133660174,-0.7680208653639441,0.13980321856430994,2.700959899491244,0.6172522741696244,-0.09797224949267982,-1.349068469606472
1726406902478879700,7.689879638671875,3.039741646116595,-0.7682213120589312,0.13873309829680616,2.702796152446458,0.6174070645926133,-0.09694145949810407,-1.3490211173072433
1726406902488877800,7.6998779296875,3.038332100793608,-0.7684379995471616,0.1374981200368022,2.7048815107148476,0.6175988171056557,-0.09575446502877277,-1.3490047896065058
1726406902498875600,7.709875732421875,3.037014234813117,-0.768738727968431,0.13598489373022968,2.7077898691124624,0.6177778409521888,-0.09433675563321026,-1.3488745125716253
1726406902508873700,7.719873779296875,3.035839080710973,-0.7691746506681335,0.1341667188276363,2.71166421237005,0.6178881693757933,-0.09264841427372561,-1.3484761927017557
1726406902518871800,7.729871826171875,3.0332664614982248,-0.7696648015454727,0.13231602228040928,2.7145444056343946,0.6179647498759342,-0.09070927212663112,-1.3478761187262083
1726406902528869600,7.73986962890625,3.0304376364266576,-0.7702557390331529,0.13048925680234688,2.717234900511514,0.6179093632199456,-0.08869392823330434,-1.3469176836906371
1726406902538867700,7.74986767578125,3.027829360243853,-0.7709166106886455,0.12869999510288027,2.720060835272243,0.617744035999846,-0.08669591933871158,-1.3457053511997075
1726406902548865800,7.75986572265625,3.025633691015898,-0.7716397862367498,0.12695593939738792,2.723149383968798,0.6174715158157185,-0.08475282979834883,-1.3442632709908728
1726406902558863600,7.769863525390625,3.0239561613092705,-0.772395490623129,0.12522754593781146,2.7266348025301816,0.6171342627488995,-0.08287607197611706,-1.3427068651826513
1726406902568861700,7.77986181640625,3.0227782858542933,-0.7731168654824548,0.12357691261561381,2.730299274331165,0.6167939189790727,-0.08114452825196246,-1.341219330078157
1726406902578859800,7.78985986328125,3.021815633809318,-0.7737933888593486,0.12192530567566227,2.734102982159137,0.6164924848335706,-0.07946730299013868,-1.3398655125412668
1726406902588857600,7.799857666015625,3.0206488143300474,-0.7744239927639776,0.12017599627883194,2.7379536918585656,0.6162676555857274,-0.07771468541253101,-1.3386889396325259
1726406902598855700,7.809855712890625,3.0192423306867333,-0.7750136342001804,0.11830718369614313,2.7418810754157876,0.6161186124976374,-0.07586224127693135,-1.3376779669951857
1726406902608853800,7.819853759765625,3.0174823801161414,-0.775576043620664,0.1162707927419059,2.745925938957638,0.6160430739574382,-0.07385061846696245,-1.336809877358536
1726406902618851600,7.8298515625,3.0156180682072566,-0.7761253151038885,0.11401492195043231,2.750423295617137,0.6160304398267431,-0.07167091813199994,-1.336064491876398
1726406902628849700,7.839849609375,3.0139506751095597,-0.7766385600991169,0.1116464620577624,2.7553304289855745,0.6160711603250567,-0.06945565076688491,-1.3354695130192127
1726406902638847700,7.84984765625,3.0127669781807453,-0.7770680669135583,0.10935935918177697,2.7603597015021575,0.6161667085724434,-0.06741140449468036,-1.3350961951501688
1726406902648844800,7.8598447265625,3.012374136063421,-0.7774041456953916,0.10732302132008877,2.7653268558898074,0.6162845244768888,-0.06571146635485932,-1.334916034740986
1726406902658843000,7.8698427734375,3.012736028525569,-0.7777271236679696,0.10555317268039839,2.7702185808216333,0.6163292311472279,-0.06432170161860933,-1.3346664626751035
1726406902668840700,7.8798408203125,3.0133330645139664,-0.7780627528057749,0.10406916157012162,2.7745948406041645,0.6162773824251722,-0.06316699689143557,-1.3342470074745814
1726406902678838800,7.8898388671875,3.0136772871700823,-0.7783862039918699,0.10285845582552865,2.7780857058690684,0.6161727990029641,-0.062178822638833384,-1.3337338816280175
1726406902688836900,7.8998369140625,3.0137166008239884,-0.7787478963807769,0.10178608637661417,2.7810181701460475,0.6159890635955432,-0.061226652796708296,-1.3330211539247807
1726406902698834700,7.909834716796875,3.014362739779771,-0.7792102752288126,0.10074666608933389,2.7844101760392634,0.6156626658025544,-0.06034118015286874,-1.3319843941508633
1726406902708832800,7.919832763671875,3.0155795762336126,-0.7797565359952501,0.0996860337626779,2.7883532588538142,0.6152265937617212,-0.059487956825862186,-1.3306961267110406
1726406902718830800,7.929830810546875,3.0169136367010414,-0.7803550865363637,0.09854849220689141,2.792607377931399,0.6147382447476071,-0.05857492550258063,-1.3292664123345868
1726406902728828700,7.93982861328125,3.0185064981863903,-0.780961795533589,0.09736919316866204,2.797166373908026,0.614240908539248,-0.05767145124520183,-1.3278283882005473
1726406902738826800,7.94982666015625,3.020325611166279,-0.7815559204502613,0.0961067363088628,2.802093426386989,0.6137694292950956,-0.056752834835055006,-1.326463441511099
1726406902748824800,7.959824951171875,3.0221667971276127,-0.7821033759249028,0.09480776168295928,2.8070924043363648,0.6133578915169083,-0.05583732486352472,-1.3252562267080248
1726406902758822700,7.96982275390625,3.023889577466233,-0.7825668611510559,0.09363199610482427,2.8116362727257465,0.6130198894244216,-0.05503560077049549,-1.324263086575065
1726406902768820700,7.97982080078125,3.0253750364791694,-0.7829560546132335,0.09252532337526016,2.815774418694507,0.6127577666802885,-0.05428373862769774,-1.3234684179617116
1726406902778818800,7.98981884765625,3.026462232551239,-0.7832991304809469,0.09135140267071362,2.8197398487899523,0.6125693397998928,-0.053443222112235435,-1.3228329846004594
1726406902788816600,7.999816650390625,3.027229292312611,-0.7835674372848713,0.09004884851379044,2.8237302966170543,0.6125013162208913,-0.052492736907839205,-1.3224734850327675
1726406902798814700,8.009814697265625,3.0275541776476618,-0.7837254516744688,0.0886595281537531,2.8275281356501134,0.6125896940003219,-0.05145772950591316,-1.3224845150427447
1726406902808812500,8.0198125,3.027443180227964,-0.7837733924613727,0.08734323315376884,2.830742846021279,0.6128007888983096,-0.050454681983506465,-1.3228059619924817
1726406902818810000,8.02981005859375,3.0271532200547107,-0.7837629991510361,0.08630661371528371,2.833090420778233,0.6130263754140224,-0.049652775407055136,-1.323204923163783
1726406902828807200,8.03980712890625,3.0265683919931936,-0.7837784937647788,0.08562114596737684,2.8343506751553424,0.6131510645603884,-0.04905103406333963,-1.323381833814198
1726406902838805200,8.04980517578125,3.025673004244261,-0.7838898430130988,0.08519262704715051,2.834785633281857,0.613108452718212,-0.04854838494478154,-1.3231453531587474
1726406902848803300,8.05980322265625,3.0247127572737917,-0.7841339197848208,0.08493124857340627,2.834831248308529,0.6128677762715227,-0.048101064090189216,-1.3224140722519895
1726406902858801200,8.06980126953125,3.023680006370145,-0.7844630476809061,0.08477531205281143,2.8346085547295954,0.6125007760979075,-0.047682475768384025,-1.3213653546129516
1726406902868799200,8.07979931640625,3.022835836638681,-0.7848277134839313,0.08465575228561474,2.8344636326555777,0.6120794356138698,-0.04730394171853943,-1.3201927155230393
1726406902878797300,8.08979736328125,3.022597596804551,-0.7851817820187936,0.08445886857739963,2.834974477983001,0.6116781883886836,-0.0469685054927596,-1.3190984088010735
1726406902888795100,8.099795166015625,3.0229494426732817,-0.7855201027607936,0.08415463008846899,2.836198777164481,0.6113096129802383,-0.04665519727161207,-1.3181106525022295
1726406902898793200,8.109793212890626,3.0236201545435892,-0.7859072818749422,0.08368037439021352,2.8381184979539262,0.6109079400577159,-0.046248223447766856,-1.3170315413422546
1726406902908791300,8.119791259765625,3.0237412410330546,-0.7863447482904872,0.08300042455759982,2.8401516613618853,0.6104875209710536,-0.04558283358596595,-1.3158391672364518
1726406902918789000,8.1297890625,3.0235900408974525,-0.7868043425081256,0.08206423223588591,2.842622315806359,0.6100887640057993,-0.0446781586746795,-1.31465170099833
1726406902928787200,8.139787109375,3.0233173931356454,-0.7872716200536704,0.08087061635677974,2.845641179463139,0.6097258309788751,-0.04356353297244386,-1.313516497771335
1726406902938785300,8.149785400390625,3.022995161266689,-0.78768984198654,0.0794168993476033,2.8492382313049682,0.6094675207226999,-0.04227227616520447,-1.3126192738619453
1726406902948783000,8.159783203125,3.0225311259796275,-0.787996703860982,0.07787660104238844,2.8528780224407972,0.6093606081813328,-0.040941586587864225,-1.3121030442722208
1726406902958781200,8.16978125,3.0227598108783496,-0.788159789956229,0.07643085192424477,2.8567346007640113,0.6094048892788259,-0.039851869638638765,-1.3120389404436918
1726406902968779300,8.179779296875,3.024353931367029,-0.7881893782469682,0.07524546218173209,2.8609204027799735,0.609554600697276,-0.03922860251789901,-1.3123665956471238
1726406902978777000,8.189777099609374,3.026606772373242,-0.7881798817392414,0.07427082448742242,2.8650692009375915,0.609708512304467,-0.0388810335091721,-1.3127697276622896
1726406902988774400,8.1997744140625,3.028665379077005,-0.7881740737969893,0.07341397142140905,2.868780114978374,0.609838586919313,-0.03858549914091301,-1.3131145709848966
1726406902998772200,8.209772216796875,3.0303731121284727,-0.7881833730785801,0.07256739975160126,2.8722053431152954,0.6099501263625462,-0.03823352434209505,-1.31339236119756
1726406903008770300,8.219770263671874,3.031888173064846,-0.7882702202062125,0.07157054208230558,2.8758979711609376,0.6099884372652973,-0.03770850856586558,-1.313451154642148
1726406903018768400,8.229768310546875,3.033484849222283,-0.788422727834686,0.07038543762765162,2.8801561147343655,0.6099705591050182,-0.03703201094959972,-1.3133460988159817
1726406903028766200,8.23976611328125,3.0352003968588144,-0.7885455127146814,0.06901640625463794,2.8849493986911634,0.6100154210330144,-0.03624933901895273,-1.3133897418975469
1726406903038764300,8.249764404296876,3.0369051679113617,-0.7885980352832656,0.0677224535900247,2.889513388209419,0.6101339205064192,-0.0355453894470737,-1.3136326908704676
1726406903048762400,8.259762451171875,3.03706865325393,-0.7885036013156531,0.0669054714327459,2.8916311834512305,0.6103776325178327,-0.03499911503892664,-1.314175534285118
1726406903058760200,8.26976025390625,3.0369341870777533,-0.7883757782192775,0.06652373456510101,2.8924180244112017,0.6105991891255598,-0.03473981363383702,-1.3146964283981517
1726406903068758300,8.27975830078125,3.0368861110734167,-0.7883117581104492,0.06641997756397491,2.8926087974312162,0.6106965765206323,-0.03467800234680626,-1.314933170751832
1726406903078756400,8.28975634765625,3.036284241504528,-0.7882399894514949,0.06644540921512074,2.892046554519494,0.6107894188036361,-0.03462624945432653,-1.3151450175836128
1726406903088754200,8.299754150390624,3.0350804677448497,-0.7881807854381256,0.06642795013358503,2.891133311645771,0.6108781957605476,-0.034441571345662135,-1.3153106754287762
1726406903098752300,8.309752197265626,3.0332331439842326,-0.7881398040928044,0.06634544827864508,2.889895010746448,0.6109593372800207,-0.034098757578646104,-1.3154161958808102
1726406903108750300,8.319750244140625,3.0313525424473773,-0.7880749667774524,0.06624757596322564,2.88865715134578,0.6110730229757807,-0.03374817083128957,-1.3156016601316058
1726406903118748200,8.329748046875,3.029726207613389,-0.7879471563970742,0.0661258800890276,2.8876426005586153,0.611267701890293,-0.033444466405664064,-1.3160068769692426
1726406903128746200,8.339746337890626,3.0282686987379632,-0.787838031481946,0.06606497947623388,2.886615127589521,0.6114279408486164,-0.03320664305359609,-1.3163386940473147
1726406903138744000,8.349744140625,3.026679263674251,-0.7877634914951196,0.06613015015343014,2.88518797496718,0.6115263232939085,-0.03302894306600908,-1.3165162454520227
1726406903148742100,8.3597421875,3.024710805383296,-0.787668540809962,0.06629815416730342,2.8832008359068433,0.6116387291113898,-0.03287532205863946,-1.3167217572085685
1726406903158739500,8.369739501953125,3.022969063173634,-0.7875228982201558,0.06646343242589171,2.8813683353977635,0.6118137916785745,-0.032776022365338865,-1.3171009395439148
1726406903168737300,8.3797373046875,3.021432872103103,-0.7872943011335052,0.06662280606780224,2.8796641063030157,0.6120924548204362,-0.032738287382404224,-1.3177571190944495
1726406903178735400,8.3897353515625,3.0195591202483407,-0.7869530337280616,0.06684394038425923,2.877483018319942,0.6125071596539908,-0.03273856102060347,-1.3187554522693496
1726406903188733400,8.3997333984375,3.017166832063576,-0.7864969758301612,0.06705589717415297,2.874857876993221,0.6130717127945766,-0.03269811962701505,-1.3201136526312875
1726406903198731300,8.409731201171875,3.014713823286617,-0.7859588888705993,0.06697723360074495,2.872860564621392,0.613782073816338,-0.03246847192886411,-1.3218162483571256
1726406903208729300,8.419729248046876,3.012526960809763,-0.7854095218715323,0.06653968767765733,2.871954190746291,0.6145559436642988,-0.032021184669631164,-1.32366248139601
1726406903218727200,8.42972705078125,3.0113646424148732,-0.7849145290286146,0.06578198796651433,2.872671245572604,0.6152977203198259,-0.03147405441037122,-1.3254492976808492
1726406903228725200,8.439725341796875,3.0114726333824056,-0.7845416325597524,0.0647025008659713,2.8752513108822244,0.6159200785283236,-0.030831695655554443,-1.326963061576084
1726406903238723300,8.449723388671876,3.012594512428143,-0.784343851500311,0.06345753080435237,2.879136668938876,0.6163351138845243,-0.030147226394811034,-1.3279749088656827
1726406903248721200,8.45972119140625,3.0142187554752695,-0.7842837797159297,0.06215005672367875,2.8836498603266016,0.6165790921420913,-0.029434595398800372,-1.328563000211169
1726406903258719200,8.46971923828125,3.0156629552267336,-0.784328136386564,0.06063448432092364,2.8886032973146794,0.6167178152715814,-0.028493635530623028,-1.3288507299986907
1726406903268717300,8.47971728515625,3.0164528985563828,-0.7844681569346665,0.058915043458109315,2.893609329704354,0.6167622951720547,-0.02725945454876512,-1.3288469008908235
1726406903278715100,8.489715087890625,3.016887941190787,-0.7846721926673131,0.05716483880761142,2.8984491243120583,0.616725014301917,-0.025922215438474033,-1.3286169171552655
1726406903288713200,8.499713134765624,3.0171658961351095,-0.7849127165142616,0.05545175148965635,2.9030917828988994,0.6166305486512654,-0.024574961914933267,-1.3282425449172797
1726406903298711300,8.509711181640625,3.017530398944065,-0.7851584273820105,0.05378941005164893,2.9076768184326345,0.6165154142275002,-0.0232776034572106,-1.3278305176026008
1726406903308708000,8.5197080078125,3.017614235331326,-0.7854149609079579,0.05237447696531103,2.911425728046177,0.6163528885114754,-0.022121350301106773,-1.3273074429563507
1726406903318706200,8.5297060546875,3.0173024843876735,-0.785650590239612,0.05135549402572145,2.9138600519319304,0.6161702497327954,-0.021213108092196287,-1.3267485797980616
1726406903328704000,8.5397041015625,3.016101201707196,-0.7858912280461485,0.05083477821384065,2.9143511952452217,0.6159292204887784,-0.020544457234914652,-1.3260362370921601
1726406903338702000,8.5497021484375,3.013990872520019,-0.7861481828253992,0.05073092639514848,2.9130965053345665,0.6156262462954647,-0.020044711758947543,-1.3251513633518859
1726406903348700200,8.5597001953125,3.0117688803491163,-0.7864709746887143,0.05098480262297433,2.9108930393297086,0.6152016642501642,-0.019772688618615576,-1.323969992250688
1726406903358698200,8.5696982421875,3.0098409168527316,-0.786904229856652,0.05168758932457557,2.907852989956243,0.6145862853373225,-0.019841944255730163,-1.3223362653852548
1726406903368696300,8.5796962890625,3.0081149441429527,-0.7874196560453729,0.05311849669934239,2.903195433669401,0.6137835007830224,-0.020455757777250633,-1.3202759383001232
1726406903378694400,8.5896943359375,3.0070545236848933,-0.78798005619825,0.05530531212941382,2.897196999379392,0.6128271239351692,-0.021716754945872753,-1.3179056389471524
1726406903388692200,8.599692138671875,3.0071191816267544,-0.788517687857123,0.0580334307236113,2.8907169975709293,0.6118143983848879,-0.02355955417144304,-1.315495751082069
1726406903398690300,8.609690185546874,3.00821357914693,-0.7889819684812535,0.06091041937168318,2.8846326380242884,0.6108495878805177,-0.02569612765476827,-1.3132935212658472
1726406903408688400,8.6196884765625,3.0099296419847397,-0.7893484366269197,0.06366078229767771,2.8792982850553783,0.6099997434654799,-0.027868791959307335,-1.31143115699732
1726406903418686200,8.629686279296875,3.0119487829866167,-0.7895517908271465,0.066208198625253,2.874618959999644,0.6093639814726727,-0.029999473825045194,-1.3101408799253618
1726406903428684300,8.639684326171874,3.014250310408257,-0.7895902712944739,0.06825160836428842,2.8713224114639426,0.6089938369448694,-0.03186726870280157,-1.3095205042277291
1726406903438682400,8.649682373046875,3.016563810250778,-0.7894913967287592,0.06963005655054379,2.8696136247715214,0.6088891610651916,-0.03330138055423896,-1.309527704577347
1726406903448680200,8.65968017578125,3.018008269094888,-0.7892074509319681,0.07040892137229275,2.868628845505413,0.6091163842628505,-0.03422613178182576,-1.3102835569316162
1726406903458677200,8.66967724609375,3.0181028714019527,-0.7887578080174668,0.07053488178744045,2.868141950954883,0.6096675548286673,-0.034516627941218785,-1.311729042760572
1726406903468675000,8.679675048828125,3.017008075151896,-0.7881864591792997,0.0699675439518544,2.868398663940042,0.6104917450043933,-0.034152486674213785,-1.3137369860365828
1726406903478673200,8.689673095703125,3.0151163432008095,-0.7875302513109782,0.06877304399211855,2.8695553708627326,0.6115244739944815,-0.03323105302194968,-1.3161754042927163
1726406903488671200,8.699671142578126,3.0130717836920122,-0.7868771456302354,0.06729778461426301,2.8712943107881745,0.6125899651450214,-0.03207514977561997,-1.3186663497432878
1726406903498669000,8.7096689453125,3.0110869585728244,-0.7862743845689002,0.0659003651548262,2.8729128257120404,0.6135722955659447,-0.030965123865473586,-1.320962758317335
1726406903508667100,8.719667236328124,3.009101929491059,-0.7857412351455322,0.06474417289514953,2.873966218193444,0.6144252861448042,-0.030006276279728905,-1.3229541906944415
1726406903518665200,8.729665283203126,3.006560168275522,-0.7852874784687287,0.06393521626991158,2.873761147410119,0.6151291709134881,-0.029188665758857795,-1.3245687535865798
1726406903528663000,8.7396630859375,3.0038163014078623,-0.7848901013208185,0.06364037180902843,2.8721402080088314,0.6156894866630892,-0.02870454209904363,-1.3258514855506638
1726406903538661000,8.7496611328125,3.0012880926842014,-0.7845136364069126,0.06403848620670519,2.8689599807883566,0.6161247558406953,-0.02876887333237514,-1.3268864947531207
1726406903548659200,8.7596591796875,2.999514832866073,-0.7841242243258449,0.0650131248958127,2.8649132719083026,0.6164889564624406,-0.02939181770793838,-1.327833984697961
1726406903558657300,8.7696572265625,2.999427697483549,-0.7837438776656727,0.06622545204804689,2.861589079642797,0.6167920591432972,-0.030451642326372264,-1.3287409202135199
1726406903568655400,8.7796552734375,3.0009400002510285,-0.7833917826007741,0.06731827898422123,2.8598287343014355,0.6170604092259063,-0.03165583147853076,-1.3296386454103004
1726406903578653400,8.7896533203125,3.003448798674971,-0.7829705163713828,0.0681661924628982,2.8594213781568945,0.6174389322993711,-0.03285713549302976,-1.3308572343833498
1726406903588651300,8.7996513671875,3.006648785629854,-0.7824663603821933,0.06871734474177904,2.8602546824424544,0.6179563791979856,-0.033972901850790556,-1.3324478145384664
1726406903598648300,8.8096484375,3.010901908825733,-0.7819196446369734,0.06881318304444464,2.863039426126164,0.6185848153097967,-0.03491688658321097,-1.3343336287966054
1726406903608646100,8.819646240234375,3.0159013270969726,-0.7812879288216819,0.06858382412367552,2.867194018421219,0.6193604391540013,-0.03575189662044248,-1.3366022238588071
1726406903618644200,8.829644287109375,3.020933522708026,-0.7805512603642483,0.0680671467786461,2.87205979926626,0.6203077063163922,-0.036401473494492735,-1.3392792393931887
1726406903628642300,8.839642333984376,3.0249256568921585,-0.779716640601687,0.0672449939583829,2.87684412219233,0.6214292235700299,-0.03668697442648463,-1.3423147725487539
1726406903638640000,8.84964013671875,3.0272647201218823,-0.77879771253075,0.06631008876147745,2.8805793983818435,0.6226820767203995,-0.036662888521449714,-1.3455942061310304
1726406903648638200,8.85963818359375,3.027245484164942,-0.7778034676434675,0.06527367759806191,2.8826689821637936,0.6240575315318062,-0.03624134593526112,-1.3490708014238904
1726406903658636300,8.86963623046875,3.025445245147826,-0.7767261517208586,0.06394726128728895,2.884030004616419,0.6255845324996326,-0.03537235356049862,-1.3528319634757733
1726406903668634000,8.879634033203125,3.0232143326832976,-0.775612449443483,0.06238712124178923,2.885617584915273,0.6271829213599825,-0.03427549861326542,-1.3567455254224616
1726406903678632200,8.889632080078124,3.0218890380185783,-0.7744927101529017,0.060568724742559185,2.88858788850231,0.6288058458005087,-0.03310066269162949,-1.3607478936225577
1726406903688630300,8.89963037109375,3.021324313441991,-0.7733654238500989,0.05853941996139651,2.892715024250006,0.6304476994875636,-0.031856965415654234,-1.3648244560871154
1726406903698628000,8.909628173828125,3.021074815931208,-0.7722328739256479,0.05655214603750957,2.897002696695088,0.6320737438910593,-0.03067746688581215,-1.368889661655127
1726406903708626200,8.919626220703124,3.0210893978830744,-0.771177343906537,0.05493447854830667,2.900615257399071,0.6335461491580118,-0.029784497650654922,-1.3726098873941779
1726406903718624000,8.9296240234375,3.0215701594953472,-0.770303236674314,0.05377572550514989,2.9035376035789664,0.634733079050096,-0.029240692542273468,-1.3756472334472303
1726406903728621300,8.939621337890625,3.0223887017226683,-0.7695879583633286,0.05303738902117009,2.905747556772529,0.6356726062329857,-0.029011215531890205,-1.3780889506354232
1726406903738619400,8.949619384765626,3.0234082170601746,-0.7689956370751434,0.05261593162634093,2.907376914681203,0.6364240851176065,-0.02901202782305473,-1.3800746235707058
1726406903748617200,8.9596171875,3.0238543191165137,-0.7685601095802542,0.05247605208625485,2.9078907276083332,0.6369569208215299,-0.029109743532648197,-1.3814872651812533
1726406903758615300,8.969615234375,3.023710562368822,-0.7683552488026546,0.05266774919651523,2.90717942483164,0.6371787618287602,-0.02931932232670223,-1.3820895872799057
1726406903768613400,8.97961328125,3.0240366168056907,-0.7684263571461817,0.053095222689648856,2.9063851788490314,0.6370408143379566,-0.02967786975833273,-1.381779336942269
1726406903778611200,8.989611083984375,3.0247242503036142,-0.768741391579192,0.05379104482814921,2.9053201469749994,0.6365772445951516,-0.030209180476342773,-1.3806496348753219
1726406903788609300,8.999609375,3.0250950251636657,-0.7692202331794428,0.05477325682331924,2.903340549057745,0.635882924404396,-0.030871374861602473,-1.3789290644500403
1726406903798607000,9.009607177734376,3.0255646929426194,-0.7697474700330834,0.05598254339049088,2.900886919632332,0.6350979189138926,-0.03170755222257286,-1.3769999016355576
1726406903808605200,9.019605224609375,3.026699950393444,-0.7702286625062851,0.05743182352308061,2.8983456235854486,0.6343274708711159,-0.0328325275411089,-1.3751676687964884
1726406903818603300,9.029603271484374,3.0283976951217912,-0.7706364525535123,0.05889541674427992,2.896194506651318,0.6336327263752357,-0.03406446257341944,-1.3735678740041093
1726406903828601300,9.039601318359376,3.0301715927485158,-0.7710078808936633,0.06005229212936561,2.894872430270211,0.633016927151186,-0.035074599123410315,-1.372150436471727
1726406903838599400,9.049599365234375,3.0315918433378886,-0.7713620563219331,0.06078830173443898,2.894327522462618,0.6324793134819339,-0.03571196085136872,-1.3708781310599276
1726406903848597200,9.05959716796875,3.032692735576894,-0.771679255929545,0.061091438694190724,2.8946080847287914,0.6320479189128793,-0.035979503771090965,-1.3698223558190652
1726406903858595300,9.06959521484375,3.033463677592891,-0.7719434395765522,0.06107874451139006,2.8953984872066956,0.6317267318352204,-0.0359745241411673,-1.3690052301927707
1726406903868592400,9.07959228515625,3.034217303654363,-0.7722205148941605,0.060682564427161606,2.8971583181396308,0.6314438423202902,-0.035660663565324734,-1.3682411270152968
1726406903878590500,9.089590576171876,3.0350663421687707,-0.7725352224264935,0.059834494169686496,2.900165467358121,0.6311772850455543,-0.03499034152071594,-1.3674715320357096
1726406903888588500,9.099588623046875,3.0357788349497086,-0.7729118706902748,0.05864543750436866,2.9039588630341524,0.6308812370818695,-0.034012781734943195,-1.366581820591715
1726406903898586400,9.10958642578125,3.035845116518953,-0.7733460955482386,0.05733962947720666,2.907549297254566,0.6305310657198322,-0.03283983938178314,-1.3655142501935937
1726406903908584400,9.11958447265625,3.0348915999879926,-0.7738434456313523,0.05597996327485527,2.9104770456930456,0.6301128313978859,-0.03146913182657363,-1.3642286343806038
1726406903918582500,9.12958251953125,3.0331044190985343,-0.7744320770817956,0.05453772357869905,2.9129818946261357,0.6295927581369456,-0.02989130080206939,-1.3626423110440529
1726406903928580400,9.139580322265624,3.0307386235043237,-0.7751385905135472,0.053129662482128574,2.914987984975851,0.628920452653996,-0.028221548284035863,-1.3606472585238574
1726406903938578400,9.149578369140626,3.0275837735161164,-0.7759353861988323,0.05194855888775824,2.9158254639355174,0.6281070788178905,-0.02658987258213594,-1.3582817211613618
1726406903948576500,9.159576416015625,3.023904973534704,-0.7767681418826279,0.051063296215574816,2.915513855752055,0.6272111611227584,-0.025100763600538444,-1.3557136493178537
1726406903958574300,9.16957421875,3.0202742334697352,-0.7775665157006262,0.050340213925151284,2.9148231603446404,0.6263322943218466,-0.02374977935279939,-1.353209241993097
1726406903968572400,9.179572509765626,3.017808533806531,-0.7782141901936998,0.04985099801190106,2.914407738517259,0.6256022257698266,-0.022791619990661177,-1.3511631209314696
1726406903978570500,9.189570556640625,3.0169696378117936,-0.7786609974861767,0.049596713429616135,2.914602005446494,0.6250833451737576,-0.022315066238839935,-1.349754444075837
1726406903988567300,9.1995673828125,3.017743487561882,-0.7790419486077228,0.04947167359581644,2.915723406063978,0.624622821397153,-0.022191469741045442,-1.348575795875888
1726406903998565400,9.2095654296875,3.019614014156228,-0.7794242354600341,0.04944051957427816,2.9174791002841376,0.6241443288639128,-0.02229848926164485,-1.3474031025089719
1726406904008563200,9.219563232421875,3.0216411449840206,-0.7798638753423256,0.049306330995948056,2.9196442195359174,0.6236044685989763,-0.02233050142668059,-1.3460706126266466
1726406904018561300,9.229561279296876,3.0234443547433507,-0.7804185408930467,0.04902654533782613,2.922049571252074,0.6229376536041863,-0.022180975674345755,-1.3443887519466478
1726406904028559400,9.239559326171875,3.0253425820889337,-0.78106321145273,0.04872935339112607,2.924610040442437,0.6221586918677734,-0.022005514595176152,-1.3424195070933211
1726406904038557200,9.24955712890625,3.027094103403519,-0.7818078802196938,0.04835844576694796,2.9272792886582684,0.6212615279714347,-0.021723271725366748,-1.3401346035046733
1726406904048555300,9.25955517578125,3.0288998227942945,-0.7826899737528503,0.04793094986962326,2.9301880560056044,0.6201955946623406,-0.02136600055612781,-1.3374148659255947
1726406904058553300,9.26955322265625,3.0313092484675592,-0.7836911286672323,0.04744883161053459,2.9337515595764674,0.6189787655507153,-0.02102609867960816,-1.3343291052357142
1726406904068551400,9.279551513671874,3.034821539232201,-0.7847406373627044,0.046923394993933484,2.938294094635134,0.6176949601898081,-0.020815984309553736,-1.3311171560556854
1726406904078549500,9.289549560546876,3.039356786465428,-0.7857817111752194,0.046460815402703574,2.94345150171392,0.6164046073551602,-0.020829309887147856,-1.3279373831817352
1726406904088547600,9.299547607421875,3.044568825050325,-0.7867866424123826,0.04612856460951253,2.9487663875517454,0.6151379377339564,-0.021076734219321703,-1.3248571927760715
1726406904098545400,9.30954541015625,3.0497449061270743,-0.7877415354068463,0.04596762460519827,2.953574500185403,0.6139126836552358,-0.021483213816873754,-1.3218968336345052
1726406904108543500,9.31954345703125,3.0542297528793196,-0.7886803725772543,0.04589386882539196,2.9575960997882746,0.6126979191825093,-0.02186901465608899,-1.318945873899145
1726406904118540300,9.329540283203125,3.0583946161869937,-0.7896590650819352,0.04567598741470581,2.9617251135778133,0.6114440577559392,-0.022098751473941376,-1.315876240973576
1726406904128538400,9.339538330078126,3.062454103563371,-0.7907778641023695,0.04502671377997681,2.966882530570354,0.6100496172237035,-0.021963923574850323,-1.3124171598602368
1726406904138536400,9.349536376953125,3.06654366115258,-0.7920663228315392,0.0440199708595924,2.9729887842014198,0.6084646118487129,-0.02154110968306221,-1.3084538936812082
1726406904148534300,9.3595341796875,3.0709789639268967,-0.7934620266630793,0.04275539594801042,2.9800045695299326,0.606753488097946,-0.020980444284782972,-1.3041718385011962
1726406904158532400,9.369532470703126,3.0754920718098213,-0.7949467025731929,0.041185532960767414,2.9878286147667406,0.604942061356418,-0.020213333053857255,-1.2996271728852318
1726406904168530400,9.379530517578125,3.080200320183704,-0.7964429204640607,0.03934432747077512,2.996434439919389,0.6031234368148716,-0.019307921221712463,-1.2950640687323183
1726406904178528300,9.3895283203125,3.084863296226929,-0.7978418016576846,0.037296402216440504,3.0054458598858913,0.6014338436130935,-0.01829625895124831,-1.2908232994188342
1726406904188526300,9.3995263671875,3.0895010404526957,-0.7990475892242571,0.03502686121143912,3.014895640261104,0.6000006354247972,-0.017185642504791186,-1.2872238759872299
1726406904198524200,9.409524169921875,3.0943960318091612,-0.8000476739793964,0.032520496189680684,3.0250397890972907,0.5988405008099273,-0.016009793907529775,-1.2843117391985692
1726406904208522200,9.419522216796874,3.099452931746416,-0.8008773217591265,0.02983553156842278,3.0356790061747483,0.5979021252006715,-0.01478243782818921,-1.2819551116524566
1726406904218520300,9.429520263671876,3.1042347955758465,-0.8016020716652641,0.027126471417549012,3.0461245336075886,0.5970892140802522,-0.013524149313765181,-1.2799085174818199
1726406904228518100,9.43951806640625,3.1083826097479537,-0.802225329560525,0.02430657814177667,3.0563332443964515,0.5964035707939385,-0.012100506115265964,-1.2781657654446277
1726406904238515500,9.449515380859374,3.1116985037727876,-0.80274034935449,0.021264733030939707,3.0664416429672614,0.5958589365668165,-0.010388782596878034,-1.2767599136770804
1726406904248513500,9.459513427734375,3.114428000346199,-0.8031752595771869,0.01782645168586256,3.077076836146217,0.5954183511994903,-0.008296145848426532,-1.2756045214003044
1726406904258511400,9.469511474609375,3.1170513483968563,-0.8035269866546647,0.014139743997925735,3.088230684670177,0.5950699086249173,-0.006015892286373824,-1.2746889165453819
1726406904268509400,9.479509521484376,3.1197514027404045,-0.8038174165304368,0.01060132491928364,3.099057733982833,0.5947690093343253,-0.003870132612048219,-1.2739148679562387
1726406904278507500,9.489507568359375,3.1219651895222937,-0.8041183131172839,0.007410802043592835,3.1086532809869873,0.5944201385145915,-0.0018979460850850245,-1.2730373890668072
1726406904288505300,9.49950537109375,3.1232665931535517,-0.8044900733450608,0.004725040757902116,3.116316957697637,0.593947388874017,-0.00013429611256299975,-1.2718618350521096
1726406904298503400,9.50950341796875,3.123315380967282,-0.8049844164712655,0.0026237052502111067,3.1216039310111485,0.5932885108913041,0.0014271675302277836,-1.2702284720140862
1726406904308501200,9.519501220703125,3.1223136107264757,-0.8055899837586531,0.0008949003464942421,3.1251927843015967,0.5924657490239906,0.0029075252450425247,-1.2681924139687233
1726406904318499300,9.529499267578124,3.1206297707612833,-0.8063418741895743,-0.0005588866292106391,3.12760352704371,0.5914336672842344,0.004315005010478629,-1.2656409640054496
1726406904328497400,9.539497314453126,3.1186485975509384,-0.807264960620417,-0.0016962767315053635,3.1290220754724856,0.5901607008221035,0.005551872062481848,-1.2624968265472165
1726406904338495200,9.5494951171875,3.1170025970231974,-0.8083396097470706,-0.002466278264155243,3.1297873532105305,0.5886757322291973,0.006464091008230996,-1.2588294252079766
1726406904348493300,9.559493408203124,3.1160146589260336,-0.8095278016892088,-0.0029016597969743416,3.13021380040243,0.5870325921134515,0.007013490390073778,-1.2547738736356129
1726406904358490400,9.569490478515625,3.1153155491631517,-0.8107619785120964,-0.0030464525708439392,3.130137555471324,0.5853224632564119,0.007300121226761965,-1.2505530895552075
1726406904368488200,9.57948828125,3.1137772123901084,-0.8119518735195543,-0.0027385607254831346,3.1283437702140597,0.5836706674676997,0.007426325415163587,-1.2464701182756197
1726406904378486300,9.589486328125,3.1111750632109403,-0.8130699001351086,-0.0017923924614439677,3.1242252590326687,0.5821174710251326,0.0073114732851219146,-1.24261652363688
1726406904388484400,9.599484375,3.1077763382702472,-0.8141544677905059,-0.000477741844440716,3.118652627780787,0.5806047366750432,0.0071072376768169165,-1.2388524954179507
1726406904398482400,9.609482421875,3.10421843150308,-0.8151863586414217,0.0009500098979717547,3.1127124578289282,0.5791571281718105,0.006871838903017639,-1.235245052549985
1726406904408480500,9.61948046875,3.10064373215717,-0.8161045566807946,0.0025797052347439216,3.1062812033821054,0.5778618479995968,0.006508938199029559,-1.2320072222995657
1726406904418478300,9.629478271484375,3.0968628857331777,-0.8168921375662078,0.004550652345004291,3.098879382933191,0.5767417801936155,0.005955782373319797,-1.229189061745211
1726406904428476400,9.639476318359375,3.0929587200015844,-0.8175609432142371,0.007014719886061887,3.090193869665285,0.5757768233687778,0.005088533772625791,-1.2267391569499433
1726406904438474500,9.649474609375,3.08913791522011,-0.8181218972368773,0.010161343254537162,3.0799074236692934,0.5749428251401301,0.003731963963294123,-1.2246017704612409
1726406904448472300,9.659472412109375,3.0854736929421596,-0.8185675800470478,0.014025948019916861,3.0679825437618184,0.5742359813255883,0.0018447708878140535,-1.2227773741700805
1726406904458470400,9.669470458984375,3.0821351328734528,-0.8189060956398583,0.01856534959149078,3.0546427816632615,0.5736269399182499,-0.0005778634849429338,-1.2212105016416959
1726406904468467200,9.67946728515625,3.079214722791066,-0.8190699932712192,0.02356398017899232,3.0404600859739896,0.5731993873571848,-0.0034178545794581318,-1.2201238603754192
1726406904478465300,9.68946533203125,3.0769022431404074,-0.819027191764681,0.028594136011502565,3.0265913595152947,0.5730056490314969,-0.006430452223337681,-1.2196591253379196
1726406904488463400,9.69946337890625,3.0755896984231,-0.8187865264297404,0.03334230810542613,3.0140628958926103,0.5730503979669327,-0.009488827500616767,-1.2198408361997528
1726406904498461200,9.709461181640625,3.0749257519999778,-0.8184000219010407,0.037512950849156096,3.0033522538028414,0.5732909198692001,-0.012312400122492706,-1.2205445567358404
1726406904508459300,9.719459228515625,3.0744834827268153,-0.8178827383009545,0.04090928168351412,2.994637542273995,0.573741175278904,-0.01467803403650362,-1.2217723532342386
1726406904518457300,9.729457275390626,3.073698678603266,-0.8171951720185355,0.043601335328190084,2.9873369553531495,0.5744718197034228,-0.016529443174676858,-1.2236652897226528
1726406904528455200,9.739455078125,3.072069884977651,-0.8163499943420859,0.04564172418310608,2.980968809744591,0.5754759415729476,-0.017800560561598844,-1.2261779857246633
1726406904538453200,9.749453369140625,3.0693283172812498,-0.8153893111480092,0.04719053617401374,2.974960733737431,0.5766885024766161,-0.018541780800614787,-1.229140793106334
1726406904548451300,9.759451416015626,3.0660081405772,-0.8143226672741594,0.048255316253428826,2.9696662442321955,0.5780950754883569,-0.01887069562381407,-1.2325350152130807
1726406904558449200,9.76944921875,3.0628013031418897,-0.8131467715475611,0.04880093473371171,2.9656561401376194,0.5797011410871687,-0.01890655489902304,-1.236402837012331
1726406904568447200,9.779447265625,3.0601537265791334,-0.8118948005401779,0.04895263235465586,2.962956275569329,0.5814435113789342,-0.01881521441114035,-1.2406164362368772
1726406904578445300,9.7894453125,3.057835374335385,-0.8105505730869768,0.04887128316112486,2.961009699724358,0.5833275796514428,-0.018663085784232883,-1.2451907474838781
1726406904588442400,9.7994423828125,3.0554018886267027,-0.8091437493704653,0.04863762978836716,2.9593138382054986,0.5853049541856375,-0.018408893668141035,-1.2499930258271206
1726406904598440400,9.8094404296875,3.052208759035064,-0.8077315794936641,0.04843255126315153,2.9569794782609105,0.5872806862091994,-0.018040717483775448,-1.2547697530169577
1726406904608438300,9.819438232421875,3.048478720664009,-0.8063596359153986,0.048376093367300595,2.9538827972036663,0.5891785254437576,-0.01767928211108607,-1.2593457976814402
1726406904618436400,9.829436279296875,3.0447243632290197,-0.805043389120569,0.04848182048767132,2.9503652170563655,0.5909743512671496,-0.017430581406938626,-1.263682723715436
1726406904628434400,9.839434326171874,3.041628387963456,-0.803757270989239,0.048874406610068435,2.946609925774911,0.5926876572678837,-0.017519590710002482,-1.267866432995215
1726406904638432300,9.849432373046875,3.0398141916429844,-0.802510268257354,0.049636466083285376,2.94288036822554,0.5942940046953701,-0.01811539153640767,-1.2718673505553435
1726406904648430300,9.859430419921875,3.039261238447508,-0.801300551533747,0.05077812292744206,2.9391449372383107,0.5957933372400425,-0.01921627748262964,-1.2756878303917318
1726406904658428400,9.869428466796874,3.039330110218738,-0.800126047313774,0.052242003964665495,2.9350785283648197,0.5971953739710442,-0.020660542948521633,-1.279324078316166
1726406904668426200,9.87942626953125,3.03955230347856,-0.7989902400772039,0.05398094635437215,2.930453405077866,0.5984998825374543,-0.02232706118450269,-1.282753160493638
1726406904678424300,9.88942431640625,3.0397169159868276,-0.797900520206218,0.055819641720992345,2.9255493553479672,0.5997171626704364,-0.024048450781075606,-1.285982656403235
1726406904688421400,9.89942138671875,3.0394918342367165,-0.7968390505993397,0.05756572811777635,2.920585544807171,0.6008966960621035,-0.025632145427968704,-1.2891061353212707
1726406904698419500,9.90941943359375,3.0387868134988785,-0.7957342280086811,0.059236857157175624,2.9154159870546508,0.6021326293612075,-0.027100709565160128,-1.2923578699858262
1726406904708417500,9.91941748046875,3.0381720411526896,-0.7945583930903429,0.06078883607885018,2.91056402938905,0.6034629591089005,-0.02853174193435922,-1.2958579924761695
1726406904718415400,9.929415283203125,3.0387209693240704,-0.793315276311536,0.06214137502915671,2.907045253836802,0.6048855286975343,-0.030046397720158238,-1.2996485356675156
1726406904728413400,9.939413330078125,3.040655270564512,-0.7920473756228525,0.06339631415354005,2.9048062799642125,0.606328959475652,-0.03173403772402134,-1.303566782142335
1726406904738411500,9.94941162109375,3.0433964496206354,-0.790826580205212,0.06469446613534702,2.903101038123158,0.6076849440824544,-0.033569110952634824,-1.307319382479977
1726406904748409300,9.959409423828125,3.0464414863397584,-0.7897500940791357,0.06602008952743486,2.901633931423542,0.6088362480543146,-0.03542017847025493,-1.3105781070263043
1726406904758407400,9.969407470703125,3.0495475868096387,-0.7888737928278402,0.06716778822149629,2.9007569280661434,0.6097476170228705,-0.03707555134772551,-1.313212846807839
1726406904768405500,9.979405517578124,3.0526633813431285,-0.788188102268154,0.06785066063007895,2.9011421020676518,0.6104815369163082,-0.03831667517197908,-1.315340407410755
1726406904778403300,9.9894033203125,3.0557292950881463,-0.7876831052205645,0.06798245686691941,2.9029547726258906,0.6110704085643883,-0.03907280434514513,-1.3170238526506162
1726406904788401400,9.9994013671875,3.0588268038688553,-0.7873780635157074,0.06783751003112727,2.9055791244012514,0.6114484647704947,-0.03955623616625633,-1.318128763344261
1726406904798398200,10.009398193359376,3.0619555879305205,-0.7872358065511351,0.0676684759904814,2.908362948975016,0.6116234703176205,-0.03997052170525161,-1.3187065225987544
1726406904808396300,10.019396240234375,3.0649805120376783,-0.7872496324397408,0.0676024339535128,2.9108761999403963,0.6115849272180536,-0.0403945610511052,-1.3187397170816153
1726406904818394400,10.029394287109374,3.06803700414598,-0.7874644664405569,0.06759373482392121,2.9133526937719147,0.6112820799116004,-0.040804559832203435,-1.318101121871535
1726406904828392400,10.039392333984376,3.0714198408152114,-0.7879342047511121,0.06749380537511368,2.916408584377988,0.6106661261398956,-0.04112315202397586,-1.3166591273948902
1726406904838390500,10.049390625,3.0747293602281363,-0.7886243441730997,0.06707746946955133,2.920277607908818,0.6098199863429248,-0.0411338889130927,-1.3145812660025131
1726406904848388400,10.059388427734374,3.077360449390266,-0.7894360713967415,0.0661554609133946,2.9249225641245316,0.6089033367478628,-0.04063137253283627,-1.3122258390602732
1726406904858386400,10.069386474609376,3.0790071209383796,-0.7902929734696469,0.06471466371587825,2.9301115968727203,0.6080152536340622,-0.03957901464153205,-1.3098375482088565
1726406904868384300,10.07938427734375,3.079858584550398,-0.7911110065824478,0.0628600183948585,2.9356992214413564,0.6072395080209424,-0.03810756548491351,-1.3076587064036784
1726406904878382300,10.08938232421875,3.079898700361542,-0.7918207147499411,0.06073472001348859,2.941294549845064,0.6066390829850073,-0.0363369374314856,-1.3058731242896628
1726406904888380400,10.09938037109375,3.079197240365254,-0.7924212445903955,0.05842434099786941,2.9467417587004716,0.606198076723908,-0.03433875144807382,-1.3044572029008392
1726406904898378500,10.10937841796875,3.0781416867258766,-0.7929623430126649,0.05590220641828126,2.952423979221899,0.6058485986622961,-0.0321414134599744,-1.3032550467625903
1726406904908375600,10.11937548828125,3.076933263290112,-0.7934876842104425,0.0532456152575988,2.958317972328988,0.6055185050829773,-0.0298235365439497,-1.3021041054874343
1726406904918373600,10.12937353515625,3.0755533696052284,-0.7940351715716946,0.050444427935680845,2.9644480925549272,0.6051568753086607,-0.027364484728839417,-1.3008771757832318
1726406904928371500,10.139371337890625,3.0739693240561894,-0.7946914615982592,0.047502560973226526,2.9708078082152083,0.6046462290582713,-0.024740462596096583,-1.2992782295736638
1726406904938369500,10.14936962890625,3.072902812279057,-0.7955233352645324,0.044386048305128815,2.978048684298549,0.6038932817060017,-0.022034003002712587,-1.2971000433393622
1726406904948367600,10.15936767578125,3.072188494411875,-0.7964403445184691,0.04109716073055737,2.9860050702170193,0.603012024413202,-0.019245007771074896,-1.2946307652904596
1726406904958365400,10.169365478515624,3.0713977271832937,-0.7973740792656567,0.037818820795809505,2.9938723001467746,0.6020744978579632,-0.01645481805035242,-1.2920523904818935
1726406904968363500,10.179363525390626,3.0706508497305207,-0.7983014445027808,0.03458838789080091,3.0016406822905544,0.6011074701631482,-0.013717491363665487,-1.2894368646031473
1726406904978361300,10.189361328125,3.0700600539421488,-0.7992464070512293,0.031429258132297105,3.0093428946505107,0.6000791854261,-0.011065348376949091,-1.2867088550343784
1726406904988359400,10.199359375,3.0692188534983296,-0.8002512330688637,0.028414747612206245,3.0165031338638597,0.5989314158698416,-0.008473264599533119,-1.2837091571032042
1726406904998357500,10.209357421875,3.067795391881526,-0.8013725476717455,0.025629876576161392,3.0226796031530525,0.5975868955309702,-0.005933073066543455,-1.280236332701791
1726406905008354300,10.219354248046875,3.0655367207552584,-0.8025722607021482,0.02311739944080873,3.0275729969744845,0.5960970264539421,-0.0034351472277302803,-1.2764110965869
1726406905018352400,10.229352294921876,3.062198552018945,-0.8038196325981612,0.020943641189451974,3.030839721912726,0.5945034586674582,-0.0009830413346975928,-1.2723289238658717
1726406905028350500,10.2393505859375,3.058580412426327,-0.8051571628337654,0.01920264700116075,3.03285969002227,0.5927492943038064,0.001224072506911524,-1.2678634904204664
1726406905038348500,10.2493486328125,3.0552079394420892,-0.8065682406674733,0.018144477867255916,3.0334024763195706,0.5908552337688632,0.002908145461339774,-1.263069629797875
1726406905048346600,10.2593466796875,3.052336001055886,-0.8079788183725858,0.017837223777786595,3.0324707242528004,0.5889281955484683,0.0039617928497884146,-1.258210897498457
1726406905058344400,10.269344482421875,3.0497559176448545,-0.8093027319575645,0.018175346301174906,3.03015241187798,0.5870934873063209,0.004487770386547958,-1.253587063025509
1726406905068342500,10.279342529296875,3.047741329606917,-0.810504220428162,0.0188354920570874,3.0274324239763892,0.5854112334274509,0.004660251811445913,-1.2493548589605121
1726406905078340600,10.289340576171876,3.046288804233127,-0.8115832745629751,0.0194826962472973,3.02512701750208,0.5838928088262381,0.004716759408336939,-1.2455482532078537
1726406905088338400,10.29933837890625,3.045382502451737,-0.8125721089912167,0.020041419254440043,3.0234130619229527,0.5824968796696638,0.004716362639045925,-1.2420640831545857
1726406905098336500,10.30933642578125,3.0445965020187344,-0.8134734797111113,0.02055393058978286,3.0218784943558354,0.581219566731532,0.004710928248092658,-1.2388803565226638
1726406905108333600,10.31933349609375,3.043524358943961,-0.8142556817143307,0.020906215299081335,3.020501841117045,0.5801094806089299,0.004854609751897242,-1.2361054606035815
1726406905118331400,10.329331298828125,3.042473876013246,-0.8149607292208476,0.02109854265407025,3.019512980653844,0.5791095100777655,0.0050932936053061486,-1.2336064904247193
1726406905128329500,10.33932958984375,3.041774269478775,-0.8156439187931583,0.02105233289342855,3.019352208097818,0.578145695335425,0.005425855965258714,-1.2312131455461646
1726406905138327300,10.349327392578125,3.0418213378704273,-0.8163395658066692,0.020717499631437306,3.020427902170074,0.5771711696716055,0.005810947545956044,-1.2288223919588377
1726406905148325400,10.359325439453125,3.042767692723173,-0.8170299576087807,0.020257764346134174,3.022436376159849,0.5762070749483588,0.006094102369916507,-1.2264904565698098
1726406905158323500,10.369323486328126,3.044245896490118,-0.8176409297824891,0.01991538365204872,3.024501079987681,0.5753508967749444,0.006162755003051183,-1.2244386308199426
1726406905168321300,10.3793212890625,3.0456651954793945,-0.8181397485199339,0.019910801989930355,3.0256609670211043,0.5746434360259994,0.00597956407991034,-1.222745093833288
1726406905178319400,10.3893193359375,3.0468877936156926,-0.8185304936788296,0.020223575148872477,3.025873766145414,0.5740796730650947,0.005590867162366897,-1.2213934621576577
1726406905188317400,10.3993173828125,3.0483135690400145,-0.8188119546722171,0.02075526820894017,3.025660240532727,0.5736649475580333,0.004982470978485265,-1.2204112727697072
1726406905198315300,10.409315185546875,3.0502414322221663,-0.819008824418625,0.02147114258806875,3.025321731547823,0.5733642066502227,0.004121486944008911,-1.2197217590126634
1726406905208312600,10.4193125,3.052754113708016,-0.8191711326078728,0.02238743554373491,3.0248918140528906,0.5731042652276738,0.002990184525904098,-1.2191503970198867
1726406905218310700,10.429310546875,3.0558030456019556,-0.8193070424185225,0.023366615754696025,3.0246738162959454,0.5728761138751515,0.0016960747367131277,-1.2186761729094682
1726406905228308500,10.43930859375,3.059295167449734,-0.8193442809057571,0.024058246194146444,3.025434721619139,0.5727967055687706,0.0004867264185239451,-1.2185845144118734
1726406905238306600,10.449306640625,3.062844847884906,-0.8191936769825113,0.024290604378306914,3.027300762385435,0.5730022276478661,-0.00045417120794395444,-1.219192823811831
1726406905248304400,10.459304443359375,3.067000896388584,-0.8186699270840827,0.02399195576689893,3.0307863506543815,0.5737617080925822,-0.0012239440708940582,-1.221172516732383
1726406905258302500,10.469302490234375,3.071363362712622,-0.8178474049921329,0.0232326224496324,3.0354773055085857,0.5749631882884408,-0.0017612930662215878,-1.2242346222498282
1726406905268300500,10.479300537109374,3.0762546786890104,-0.8167205373406194,0.022161184749569702,3.041254353597114,0.5766034803280745,-0.0022247071076668063,-1.2283809308494225
1726406905278298400,10.48929833984375,3.080930298086457,-0.815387803660986,0.021083717224597315,3.0468858995621373,0.5785249830059025,-0.002646032463974102,-1.2332074622430442
1726406905288296400,10.49929638671875,3.085132366701265,-0.8139554297314785,0.02015794172890939,3.0518304982661992,0.5805692931362368,-0.0030643352662757233,-1.2383248749326032
1726406905298294500,10.50929443359375,3.0892143639565566,-0.8124619005046755,0.019207281869181664,3.0567788366669713,0.5826878340059028,-0.003420915866618946,-1.2436236735167983
1726406905308291300,10.519291259765625,3.093023680765338,-0.8109856362137093,0.018227743254794686,3.061646280573713,0.5847704485887221,-0.0036716460072104525,-1.2488289807432238
1726406905318289400,10.529289306640624,3.096461004203523,-0.8095616874249678,0.017379411190280525,3.065968469462322,0.5867645592059182,-0.00391100951783711,-1.2538133639368234
1726406905328287500,10.53928759765625,3.0991860036245544,-0.8082056906372954,0.01658197571555471,3.0696906932184915,0.5886531629371609,-0.004019917752553503,-1.2585274817201273
1726406905338285600,10.54928564453125,3.101297038965075,-0.8069668656636502,0.015795871974064134,3.0729799876283823,0.5903719964346971,-0.003989711144006005,-1.2628145983509098
1726406905348283600,10.55928369140625,3.102575678268382,-0.8058400978629631,0.015214450402659672,3.0751869778024314,0.591924724900766,-0.003928230713604745,-1.266683162743127
1726406905358281500,10.569281494140625,3.103238821739917,-0.8048537200652366,0.015014697757909288,3.076024853592454,0.5932696677421209,-0.004010715030423804,-1.2700343677114168
1726406905368279600,10.579279541015625,3.1037910978033367,-0.8040061957393112,0.015259005954082272,3.075701931534341,0.594409031120942,-0.004382451231194543,-1.272882211103392
1726406905378277600,10.589277587890624,3.1041301547553304,-0.8032110852894622,0.015996378863571577,3.0740033757524667,0.5954581609869475,-0.005073921532028229,-1.2755122806974724
1726406905388275500,10.599275390625,3.1044223294791475,-0.8024008368227612,0.017164805716235774,3.071192481604141,0.5965076319061691,-0.006080095592929727,-1.278154767304541
1726406905398272500,10.6092724609375,3.1043456954045157,-0.801593226827285,0.018814429323587296,3.0669039390292343,0.5975280557799403,-0.00738140526477494,-1.280736053748063
1726406905408270300,10.619270263671876,3.1035099422547017,-0.8007870873446139,0.02091671013923621,3.0609121021970886,0.5985177968939069,-0.00889148863144128,-1.2832499450447181
1726406905418268400,10.629268310546875,3.1014138427207807,-0.7998904572266744,0.023174038447059838,3.053560994841181,0.5996096178602278,-0.010317375565493541,-1.2860118036139232
1726406905428266500,10.6392666015625,3.0977774836265652,-0.7987251525144292,0.025222998742591197,3.0455013151086323,0.6010596759796559,-0.01137304920292358,-1.289645222707602
1726406905438264300,10.649264404296876,3.092590033422611,-0.7971807895557077,0.026819701129374002,3.0372873186305185,0.6030271775669159,-0.011907832089318005,-1.294535620909764
1726406905448262400,10.659262451171875,3.0864428392770247,-0.7953365829245782,0.028007181678551676,3.029245381148144,0.6054004062593515,-0.01206301853806424,-1.3004178779037558
1726406905458260500,10.669260498046874,3.0799571931060035,-0.7934693297384856,0.02917461824743631,3.020918216427733,0.6077881806801299,-0.012201820264566909,-1.306339144160608
1726406905468258300,10.67925830078125,3.074111138858161,-0.791867131331438,0.03055887113668927,3.01253518758922,0.6097980656821554,-0.012609215302762223,-1.3113366229120842
1726406905478256400,10.68925634765625,3.070392706333908,-0.7907705375877401,0.03196869133931232,3.005816739596737,0.6111323328439381,-0.013311655896423174,-1.3146835318558825
1726406905488254500,10.69925439453125,3.0692013847179145,-0.7902891205814613,0.03293021408202827,3.002335953176096,0.6116893345803764,-0.013959203573130834,-1.316109368922124
1726406905498251500,10.70925146484375,3.0694457407720903,-0.7904050804689079,0.0332087180217167,3.0018574559795694,0.6115191501401813,-0.014186139266284524,-1.3156956405753508
1726406905508249600,10.71924951171875,3.069283449329904,-0.7909937390662507,0.03298887204347651,3.00245903982741,0.6107767955586076,-0.013864788127780246,-1.3137929436614875
1726406905518247400,10.729247314453126,3.0687632579425626,-0.7919065931356633,0.032427052767061135,3.0037401449545063,0.6096387901839992,-0.01315544574197807,-1.310863089688961
1726406905528245500,10.73924560546875,3.069234924798895,-0.7929817785294148,0.031509665254768573,3.006719603584197,0.6083056150119049,-0.012305589437213365,-1.3074566595114923
1726406905538243600,10.74924365234375,3.0703756703543297,-0.7940446399034647,0.030450444725985567,3.010552849176187,0.606988070768063,-0.011468949969958429,-1.3041109606026127
1726406905548241400,10.759241455078126,3.071708215699522,-0.7949954659469712,0.02930540910697023,3.01470300361342,0.6058136550314953,-0.01063209076901162,-1.3011357416319547
1726406905558239500,10.769239501953125,3.0726927026259485,-0.7957989309226197,0.028069426350528084,3.0187647537193247,0.6048322083466673,-0.009706317533785295,-1.2986439250672117
1726406905568237600,10.779237548828124,3.072855248900774,-0.7964411150185127,0.026879010506059575,3.0220384491823813,0.6040555178194644,-0.008713016545137902,-1.2966538251600777
1726406905578235400,10.7892353515625,3.071830913319935,-0.7969296903119935,0.025953687660956737,3.023707511788371,0.6034644425671649,-0.007748669072194181,-1.2951139481237182
1726406905588232400,10.799232421875,3.0698290821994565,-0.7972936934755886,0.025378319493131168,3.023731082505193,0.6030182016862671,-0.006903173972762504,-1.2939258805474565
1726406905598230300,10.809230224609376,3.067366695005319,-0.7975780244915106,0.025285445945291363,3.0221826954406463,0.6026520523279776,-0.006353926398112888,-1.2929390687295734
1726406905608228400,10.819228271484375,3.0646362485549186,-0.7978540339832583,0.025817290907041886,3.018873429206454,0.6022654718726386,-0.0062250141084889505,-1.2919052281887928
1726406905618226400,10.829226318359375,3.0621540597978205,-0.7981811748322554,0.02692129324851752,3.0143430946205236,0.6017799348013619,-0.006551824452748625,-1.2906377327887588
1726406905628224300,10.839224365234376,3.0603702150512357,-0.7985606269610687,0.02856608443283991,3.0090120026438876,0.6011908759982386,-0.007386201551992898,-1.2891411889664364
1726406905638222300,10.849222412109375,3.0598107712994067,-0.7990238047641816,0.030451813821464474,3.0040334693649093,0.6004663294744838,-0.008588189426033814,-1.2873482596919226
1726406905648220400,10.859220458984375,3.060098151093069,-0.7995884483078329,0.03214934034088775,3.000197237568588,0.5996076097848014,-0.009769755762968322,-1.2852461425139858
1726406905658218500,10.869218505859376,3.06078224394509,-0.8001984213526702,0.03349029093366614,2.9975641568317615,0.5987032271704493,-0.010742394896956067,-1.283037321922952
1726406905668216600,10.879216552734375,3.061240224073451,-0.8007536633334187,0.034527943197528596,2.9955022567575647,0.5978880071950587,-0.011460553199235436,-1.281039708630759
1726406905678213600,10.889213623046874,3.0612702407676418,-0.8011828302196853,0.035451364810842594,2.993368261657445,0.5972471940141537,-0.012044972025462983,-1.2794652970520073
1726406905688211500,10.89921142578125,3.0614314913181078,-0.8014415964028969,0.03636199014097725,2.991311285288648,0.5968319219603349,-0.01268171942039002,-1.2784632573361967
1726406905698209500,10.90920947265625,3.062499600983384,-0.8015343897927888,0.03713089810248125,2.99022653184444,0.5966437616975377,-0.013416394870020719,-1.2780582055065346
1726406905708207400,10.919207275390624,3.064670759261,-0.801495725055696,0.03768540321186648,2.9904501504847136,0.5966422822158739,-0.014223740052988664,-1.278152543887012
1726406905718205400,10.929205322265625,3.067804025914622,-0.8013556811777378,0.038157994352948685,2.9915600329310967,0.5967770487709204,-0.015167425237445003,-1.278618585977617
1726406905728203500,10.93920361328125,3.0715182490199697,-0.8011314783159353,0.03867334544755063,2.9929720887514324,0.5970160418287129,-0.016264454319451668,-1.2793687834338734
1726406905738201300,10.949201416015624,3.0758183325122457,-0.8008303266901685,0.039285909270212006,2.9945598584578996,0.5973435704035402,-0.01755211014149008,-1.2803662115852488
1726406905748199400,10.959199462890625,3.080002117777064,-0.8005016007350075,0.04000712710430128,2.9957889394155135,0.5976949795399878,-0.01890096315438025,-1.2814266316068876
1726406905758197500,10.969197509765625,3.083353779574903,-0.80018929524398,0.04067945463193258,2.9965291335237008,0.5980300171136776,-0.020058650017023383,-1.2824181736293874
1726406905768194600,10.979194580078126,3.0863477057428703,-0.7998896677964374,0.04103431581487035,2.9977990579375793,0.5983772053269178,-0.02091347584714331,-1.2834094390649624
1726406905778192600,10.989192626953125,3.0895138183102815,-0.7995743653144306,0.041046985793638344,3.0000489020166072,0.5987752440730973,-0.021546398231110972,-1.2845110710225092
1726406905788190500,10.9991904296875,3.093309889306782,-0.7992284293152093,0.040850343171097855,3.003288976398595,0.599228798312508,-0.022137408447077078,-1.2857549698214548
1726406905798188500,11.0091884765625,3.0975119837859197,-0.7988914461507498,0.0404231801595565,3.007417665199475,0.5996887698204155,-0.022621520104028084,-1.2870069486595401
1726406905808186600,11.0191865234375,3.103602578175635,-0.7985456129530165,0.03961179617250827,3.0139294796766922,0.6001834438010715,-0.023144451995272576,-1.288367192918345
1726406905818184400,11.029184326171874,3.1093642606510965,-0.7982440933704417,0.038636841697521324,3.0206262148719,0.6006352771929029,-0.023470841962635117,-1.2895879788421913
1726406905828182300,11.039182373046875,3.1143107053318673,-0.7979750741136088,0.037552524913059854,3.0270016279075738,0.6010577876004614,-0.023560428742322566,-1.2906962343665347
1726406905838180400,11.049180419921875,3.1186386556326755,-0.7976542905176349,0.03657106225747473,3.03265565792182,0.6015415419277936,-0.023619533421921163,-1.2919439827644867
1726406905848178400,11.059178466796874,3.122235729136555,-0.7972919998756552,0.035762966428912746,3.037328495679413,0.6020679535707757,-0.023680666391101744,-1.2932904275245163
1726406905858175200,11.06917529296875,3.1247512250159657,-0.7969925421818208,0.03486753319288741,3.0414215021125175,0.6025247274847864,-0.02347694027757069,-1.2944274969963951
1726406905868173300,11.07917333984375,3.126777626189435,-0.7968381839402701,0.03367201843600094,3.045923264781243,0.6028173486829048,-0.02294296165318507,-1.2951182047759562
1726406905878171100,11.089171142578126,3.128414966249886,-0.7967712385604604,0.032438765048110156,3.050240776368877,0.6029973970092175,-0.02230198882678498,-1.295515358933836
1726406905888169200,11.099169189453125,3.1295282528766464,-0.7967913105965329,0.03144231923947525,3.0535817607391387,0.6030443629369879,-0.021739574298060765,-1.2955861439233876
1726406905898167300,11.109167236328124,3.1304006988714024,-0.7969304692501139,0.030819445766182944,3.05581985366615,0.6029045751897819,-0.021405227629816607,-1.2952086387246196
1726406905908165000,11.1191650390625,3.131039602964915,-0.7971714783624161,0.030664231584269494,3.0567217825155737,0.6025949485086992,-0.021373547374152802,-1.2944319833897842
1726406905918163200,11.1291630859375,3.1311332877291282,-0.7974708823601708,0.030837464595018488,3.056395880479727,0.6021854319545311,-0.021490214116400532,-1.2934160062219169
1726406905928161300,11.139161376953124,3.130377494261444,-0.7977634636350122,0.03115663483943547,3.055063561589891,0.6017785672275893,-0.021570802454768962,-1.292402434500237
1726406905938159000,11.1491591796875,3.128483936180024,-0.7980468781271847,0.031639237482435786,3.052465871664685,0.6013772762172029,-0.02157716201919662,-1.2913920006462076
1726406905948156400,11.159156494140625,3.1260055597796743,-0.7983313809080878,0.032392020867167116,3.048756771697975,0.6009556695969959,-0.021681493921215565,-1.2903361133453453
1726406905958154200,11.169154296875,3.1235543070096123,-0.7986149695155793,0.033359905794922685,3.0445361619059264,0.6005160090028283,-0.021947224294977648,-1.2892482356258763
1726406905968152300,11.17915234375,3.1207394651280276,-0.7989401604213323,0.03456917080095548,3.0394529433978206,0.6000011486439933,-0.022319684303208225,-1.2879794758678216
1726406905978150400,11.189150390625,3.1177339880743045,-0.7992720080282386,0.0360633919828416,3.0335257064315777,0.5994505856672318,-0.022863457419045,-1.2866353564914312
1726406905988148200,11.199148193359376,3.1149295658061895,-0.7995548844165282,0.03752644872390511,3.0278276839957705,0.5989618808425757,-0.02341881344316209,-1.2854472356829019
1726406905998146300,11.209146240234375,3.1127139708780374,-0.7998447007648272,0.038581339069327134,3.0235966160605514,0.5984938917089265,-0.023768032045127528,-1.28429456964626
1726406906008144400,11.219144287109375,3.110731059142321,-0.80017093031034,0.03914841822298795,3.020767495808315,0.5980200917639129,-0.023787152406375935,-1.2830963783437097
1726406906018142200,11.22914208984375,3.1079960501759363,-0.800563516080501,0.0393851852377012,3.018218162579322,0.5974936845729223,-0.02341432760240115,-1.2817201826410978
1726406906028139300,11.23913916015625,3.104341364270706,-0.8010406098772609,0.03938402096281758,3.015600505959361,0.5968821770225388,-0.022683153628806883,-1.2800857193468633
1726406906038137000,11.24913720703125,3.1008293113132566,-0.8016152336453424,0.039240039519042355,3.013475113158241,0.5961508762250345,-0.021849184417669244,-1.2781436758179108
1726406906048135200,11.25913525390625,3.098863490109686,-0.8023048702080712,0.03878274111493138,3.0133102417077686,0.5952816380879519,-0.021037788221335646,-1.275880188703592
1726406906058133200,11.26913330078125,3.0976949903289137,-0.8029885139308465,0.03808708837542586,3.014329425285464,0.5944334759805595,-0.02019514257267103,-1.2736805322107227
1726406906068131300,11.27913134765625,3.096818572095711,-0.8036149193743334,0.03729123925981829,3.0158001027796715,0.593665138355499,-0.019342489165192735,-1.2716856876350393
1726406906078129400,11.28912939453125,3.096010211626373,-0.8041755392920553,0.03637825727326044,3.0175956124020646,0.592991304946342,-0.018428966304631263,-1.269926351175751
1726406906088127500,11.29912744140625,3.0951630014145026,-0.804634073326513,0.035404268609131206,3.0194894783897106,0.5924568404731452,-0.017482402173261677,-1.268514998054807
1726406906098125300,11.309125244140626,3.0944976090381098,-0.8050245075427582,0.03433539304763313,3.0217354491550434,0.5920168751060899,-0.016512922910071323,-1.267342582288403
1726406906108122400,11.319122314453125,3.094484656564244,-0.8053318949673844,0.03323022547294667,3.024530223115522,0.5916851503910552,-0.015653488391304895,-1.2664604860641537
1726406906118120200,11.3291201171875,3.0948875740202766,-0.8055637283445939,0.03214621554589217,3.027559251368606,0.5914487891174338,-0.014900813601973102,-1.265831095860834
1726406906128118300,11.3391181640625,3.0948572556708878,-0.8057363273572009,0.031047080803505104,3.030293897657802,0.5912927346465567,-0.01406702474675343,-1.2653923156051319
1726406906138116400,11.349116455078125,3.094805926305779,-0.8058896956085759,0.030118018717775186,3.0325876781395005,0.5911483151596018,-0.013356639482731835,-1.2649923732074533
1726406906148114200,11.3591142578125,3.0952468246461162,-0.8061047506395324,0.029544120325460645,3.0343758768302864,0.5908921830901404,-0.01298727186795233,-1.2643425544587192
1726406906158112300,11.3691123046875,3.096570924172054,-0.8064676081726855,0.029277653398503325,3.0360795039046775,0.5904101557452154,-0.012984786341900575,-1.2631655898096694
1726406906168110300,11.3791103515625,3.097961620378326,-0.8069390573489011,0.02920078053323983,3.0373822435509035,0.5897664921765751,-0.013117927483608039,-1.2615964251422125
1726406906178108200,11.389108154296874,3.0989789712217637,-0.8074570829761542,0.028918354045252878,3.0389262264920904,0.5890729632851204,-0.013026965844613285,-1.2598867770959994
1726406906188106200,11.399106201171875,3.099862507634606,-0.8079159234953984,0.028339064304358594,3.0410905361938343,0.588478766939546,-0.012707182267231677,-1.2584102043015872
1726406906198103300,11.409103271484375,3.1013941275779233,-0.8082943489659006,0.027448876463249727,3.044474169034763,0.5880098611356122,-0.01230065762283689,-1.2572487945065471
1726406906208101400,11.419101318359376,3.102658410063502,-0.8086258653529054,0.026336853229562744,3.048197978523427,0.587617158529151,-0.01169255290164582,-1.256262671278988
1726406906218099500,11.429099365234375,3.103736964415388,-0.808969969272996,0.024947972465499138,3.052468503755441,0.5872202267625538,-0.010850145393178074,-1.2552547041918825
1726406906228097300,11.43909716796875,3.1045078074024963,-0.8093609444869067,0.02328591887565812,3.0571936370022805,0.5867686541774664,-0.009748586166535575,-1.2540993983839799
1726406906238095400,11.449095458984376,3.1052039671728444,-0.8098175239231604,0.021432900845846474,3.062341618342205,0.5862288106367702,-0.008490602580451078,-1.2527260741408313
1726406906248093400,11.459093505859375,3.1049686839644304,-0.8102143022123117,0.019506445283831476,3.0669828506709926,0.5857671654455413,-0.0070105059988131505,-1.2515345206312622
1726406906258091300,11.46909130859375,3.1037512536729537,-0.8105191386977081,0.0177019825323195,3.0705976254355485,0.585419271218419,-0.00544034550005516,-1.2506191102309117
1726406906268089300,11.47908935546875,3.1021397562398096,-0.8107715437384635,0.016194622554335333,3.0731875747192174,0.5851249200219286,-0.004013915891390906,-1.2498435548165117
1726406906278086100,11.489086181640625,3.100545917979382,-0.8109753567074449,0.01507732995984108,3.0748221769085236,0.5848790589278685,-0.0028769671347847452,-1.2491990604888001
1726406906288084200,11.499084228515626,3.098550484095905,-0.8111104750962947,0.01452677471285445,3.074761597720002,0.5847089820211502,-0.0020765106262545865,-1.24874293957687
1726406906298082300,11.509082275390625,3.0964333475832437,-0.8112129823475143,0.014442713478971945,3.0734604035586472,0.5845701421398061,-0.001590609188939503,-1.248364757380532
1726406906308080000,11.519080078125,3.0948091054630225,-0.8113896325184988,0.014559410506927087,3.0720330997646887,0.5843228768303821,-0.0013356606845049664,-1.2477285771359474
1726406906318078200,11.529078125,3.09355736089012,-0.8117000702019839,0.014817837499417194,3.07054915636486,0.5838851673989489,-0.0012378257462042637,-1.2466279602125347
1726406906328076300,11.539076171875,3.0921944511164887,-0.8121676580506348,0.015244443915841852,3.0686018114764044,0.583223780710624,-0.0012168113747466406,-1.244974792160522
1726406906338074000,11.54907421875,3.090400588352896,-0.8127951707577187,0.01581890092895402,3.0660161382322784,0.5823334612355906,-0.0011916593426996994,-1.2427491922443281
1726406906348072200,11.559072265625,3.087911323432409,-0.8135279772145615,0.016424303456763236,3.0628863582766996,0.5812929786868073,-0.0010292864332011843,-1.2401416977758832
1726406906358069200,11.5690693359375,3.0854988371207526,-0.8143391380029664,0.01714264738112213,3.0595623132681085,0.5801354144793458,-0.0009422826009847404,-1.2372470023928992
1726406906368067300,11.5790673828125,3.0840964516966456,-0.81518475562612,0.01798444184719447,3.056673346332922,0.57892070078734,-0.0011321115235739124,-1.234233601552159
1726406906378065400,11.5890654296875,3.083498717437613,-0.816063795376707,0.019102395157123225,3.053695267907553,0.5776436022270497,-0.001667782118081614,-1.231087650098963
1726406906388063200,11.599063232421875,3.083735420897779,-0.8169763016705859,0.02053830201800471,3.0505442437203976,0.5762996320862075,-0.002586058762193848,-1.2278039010616402
1726406906398061300,11.609061279296874,3.0848085147650743,-0.817826985494723,0.02218917371060409,3.047449676669312,0.5750235194587237,-0.0038314960392774,-1.224715993807723
1726406906408059400,11.619059326171875,3.0863626223491947,-0.8184498278216874,0.02379224415499295,3.0447634042665204,0.5740618422368323,-0.005175629772392134,-1.222419072057318
1726406906418057200,11.62905712890625,3.087890009713968,-0.8187988578515685,0.025212955896423812,3.0424451812931186,0.5734905633915006,-0.006428668381146154,-1.2210830997931785
1726406906428055300,11.63905517578125,3.0895062498153534,-0.8189640756047674,0.026440550145320794,3.0406203624330663,0.5731848763510013,-0.007594430669777444,-1.220401477518244
1726406906438052000,11.649052001953125,3.0917435801715367,-0.8190488439845016,0.027533135684329045,3.0395410174417217,0.5729950284013778,-0.008809245260593648,-1.2200220210516632
1726406906448050200,11.65905029296875,3.0946460170353687,-0.8191364745080354,0.02857264404185372,3.0390555766221565,0.5727970559992946,-0.010126418240906565,-1.219642954243747
1726406906458048300,11.66904833984375,3.097986265675813,-0.8193112097594465,0.02980780288570627,3.038416427005909,0.5724550016331398,-0.011658104682401915,-1.2189343144301479
1726406906468046000,11.679046142578125,3.1020015379318933,-0.8196208460876232,0.03124662437415693,3.0377771546971695,0.5718954239411287,-0.013453385315600874,-1.2177262595699498
1726406906478044200,11.689044189453124,3.106443238525444,-0.8200782343286921,0.03283727245075247,3.03708955483241,0.5711003309246352,-0.015423763270730828,-1.2159700254466712
1726406906488042200,11.699042236328125,3.110633784703421,-0.8206379010457133,0.034589347778313836,3.035847580978671,0.57013416448769,-0.017440202908600523,-1.2138091046802877
1726406906498040300,11.709040283203125,3.1141181035319305,-0.8211776932564405,0.036301384282980576,3.0342034476944004,0.5691902939329451,-0.019283597230244275,-1.2116943245099576
1726406906508038400,11.719038330078124,3.11658736054122,-0.8216077505539386,0.037503904803457395,3.033069976775782,0.568445788770164,-0.02057665233975587,-1.2100179589709457
1726406906518035200,11.72903515625,3.1182171279174202,-0.8218240638339457,0.03773328609866898,3.033677549566687,0.5681005145198288,-0.021053555705866922,-1.2092364664521198
1726406906528033300,11.739033203125,3.119392221177139,-0.8217569941409518,0.036976666352933375,3.0363136633088854,0.5682565937982168,-0.020796711358785577,-1.2096026259980122
1726406906538031400,11.74903125,3.120341622679617,-0.821342566627056,0.03541900308279939,3.0406834883192477,0.5689837310487756,-0.019985701730258133,-1.211307752347292
1726406906548029200,11.759029296875,3.121707562486995,-0.8206899639616493,0.03327985311816024,3.0467264075049294,0.5700910161771817,-0.018885772331268685,-1.2139209645225233
1726406906558027300,11.76902734375,3.123886279147132,-0.8199128171930905,0.0307214517657794,3.0543532752711045,0.5713903431530105,-0.01766878280834222,-1.2170056531333788
1726406906568025300,11.779025390625,3.1261563888714368,-0.8190888422484179,0.027989535943870086,3.0624845938340153,0.5727506317890447,-0.016335910997624145,-1.220239908750424
1726406906578023200,11.789023193359375,3.1276197890250925,-0.8182669809223035,0.025326058186086898,3.069909212226557,0.5740879913283153,-0.014861919426389415,-1.2234145720065022
1726406906588021200,11.799021240234374,3.128004588683454,-0.8174434285284603,0.02296813226546658,3.075849256242947,0.5753956253792422,-0.013362091696670719,-1.2265217779457696
1726406906598018000,11.80901806640625,3.1279065706172124,-0.8166379939825068,0.020918899991441867,3.080709393033122,0.5766468389171443,-0.01196676006774593,-1.229507568416081
1726406906608016100,11.81901611328125,3.1278259222681752,-0.8159014220567277,0.0194429817631662,3.0841942779220117,0.5777600712804416,-0.010965723637630842,-1.2321852387325616
1726406906618014200,11.82901416015625,3.12836594083405,-0.8153634736551273,0.01882382156315433,3.08604408755428,0.5785448060349423,-0.010676974610674761,-1.2340979332100217
1726406906628012300,11.83901220703125,3.1293563529817185,-0.8151164806723619,0.0192112541434988,3.0857750897184135,0.5788708315469464,-0.011169431973819173,-1.2349249446668131
1726406906638010400,11.84901025390625,3.1298606097685187,-0.8151543259642688,0.020564340195268347,3.082819612896407,0.5787495115735529,-0.012227016388845092,-1.2346815452157245
1726406906648008400,11.859008544921876,3.129434394449035,-0.8153979676552783,0.02269677037140018,3.0773148733653697,0.5782950422508232,-0.013630753257951876,-1.2336423327648378
1726406906658006300,11.86900634765625,3.127926682136391,-0.8157227613578716,0.02544039776773954,3.0695613028178705,0.5776823907988159,-0.015234443753192956,-1.2322320553230754
1726406906668004400,11.87900439453125,3.125630099583826,-0.8160781727970948,0.02848131058630274,3.060536975723276,0.5769926556528905,-0.016874376526180724,-1.230642733427011
1726406906678001200,11.889001220703125,3.123189887945969,-0.8164689383296292,0.03152654540835534,3.051420159183425,0.5762321335675442,-0.01847182630989692,-1.2288863162188082
1726406906687999200,11.898999267578125,3.1213308990696946,-0.8169457988234465,0.03462464332341625,3.042613159824241,0.5753194679712463,-0.0202016414392693,-1.22678273275723
1726406906697997300,11.908997314453124,3.1209857973495447,-0.8175146494134446,0.037816439704414846,3.0346739263977054,0.5742327395925896,-0.022283046237996287,-1.2243127739516473
1726406906707995100,11.9189951171875,3.1218762818398744,-0.8181018645429114,0.04108207778377207,3.0274385176267593,0.5730737847931245,-0.024656527673005694,-1.221726750638662
1726406906717993200,11.9289931640625,3.1230960923637863,-0.8186389381441915,0.04423283224848997,3.0207153179023303,0.5719650889903303,-0.0270149975418834,-1.2192916112216627
1726406906727991300,11.9389912109375,3.124629970930192,-0.8190817135941705,0.047087214730320896,3.0149230364996416,0.5709928819607909,-0.029239741833356345,-1.2171994923044496
1726406906737989000,11.948989013671875,3.126779706332987,-0.8193830253279287,0.04951316870223495,3.0105793151302453,0.5702449316846852,-0.03131546563160249,-1.2156599891954316
1726406906747986400,11.958986328125,3.1295886765738508,-0.8196127916714222,0.051552771992936494,3.007620055155179,0.5696226158188042,-0.0332739521125193,-1.2144300054993273
1726406906757984300,11.968984375,3.1323978896905467,-0.8197172869617771,0.05325179138548143,3.0054643422743275,0.5692112730813448,-0.03501754345069317,-1.213695333300073
1726406906767982300,11.978982421875,3.1345704075902585,-0.8196793140531587,0.05468483346300129,3.003486098052733,0.5690391575734798,-0.03646529632823321,-1.2135046140485992
1726406906777980400,11.98898046875,3.1364001503228573,-0.8195382352586257,0.055715201432250484,3.0022291669868704,0.5690699735873277,-0.03758026633251531,-1.2137601439268342
1726406906787978200,11.998978271484376,3.1387158464568183,-0.8193224459895688,0.056213949329487416,3.002588075811469,0.5692737511423805,-0.038445507799793624,-1.2143989880862498
1726406906797976300,12.008976318359375,-3.1413651241341296,-0.8190319447138438,0.05613043781800015,3.0048995306526525,0.5696560772268797,-0.03908837396533746,-1.2154358929576814
1726406906807974400,12.018974365234374,-3.137969087003524,-0.818638923600438,0.055681757147649794,3.0082911701576256,0.5702328104100097,-0.039552753467178896,-1.216913671994934
1726406906817972200,12.02897216796875,-3.13469880655091,-0.8181876798992567,0.05518382676184641,3.011714859613684,0.5709001247552321,-0.03995843336300001,-1.2185990824167454
1726406906827969000,12.038968994140625,-3.131497281753609,-0.8177757274037055,0.05465847798919225,3.0151722453710574,0.5715153305836485,-0.040319176050871916,-1.2201482747252443
1726406906837967000,12.048967041015626,-3.128037141378982,-0.8174991655987743,0.05387010906668713,3.019477666545369,0.571970727285167,-0.04052978387427662,-1.221278303129337
1726406906847965200,12.058965087890625,-3.124368497477781,-0.8173909301017778,0.05290255293946737,3.0243927203279806,0.5722081591421727,-0.04063616201772385,-1.221854500355055
1726406906857963000,12.068962890625,-3.1210539362419984,-0.8173693407421906,0.051990445200530803,3.028937170317777,0.572318311794568,-0.04069580176318686,-1.222110322805853
1726406906867961000,12.078961181640626,-3.118682005304615,-0.8174055203318193,0.05116501423090515,3.0326166871131863,0.5723470050265185,-0.04061297575816298,-1.2221473838771548
1726406906877959200,12.088959228515625,-3.1171096898612434,-0.8174437777644803,0.05039597167719442,3.0355986626403526,0.5723753164313972,-0.04040254837382563,-1.222166128177702
1726406906887957000,12.09895703125,-3.115588194154563,-0.817532495306001,0.049617119088558995,3.038573241181558,0.5723331593643467,-0.040170437598593976,-1.222010022935259
1726406906897954300,12.108954345703125,-3.1132803095382426,-0.8177115973923106,0.048870601199105204,3.0420252924147726,0.5721451649589924,-0.04011797400292483,-1.221520116211558
1726406906907952000,12.1189521484375,-3.110611664156049,-0.8178896612495888,0.04827032877957918,3.0453701770291923,0.5719326421611731,-0.04024417933008817,-1.220994914011197
1726406906917950200,12.1289501953125,-3.1089755300929567,-0.8180697178033702,0.04778930163686641,3.0476995975797787,0.5717158135284471,-0.04023915556598235,-1.220446762889462
1726406906927948300,12.1389482421875,-3.108275167545235,-0.8182584104957111,0.04736955148863716,3.0492242850708133,0.5714916247710167,-0.04008153731070911,-1.219864971778841
1726406906937946000,12.148946044921875,-3.1072026734617584,-0.8184238103210267,0.04702224700917447,3.0508298324700176,0.5712854434921852,-0.040054454884495196,-1.21934515368479
1726406906947944200,12.158944091796876,-3.1055314207527687,-0.8185146226059102,0.04658354512288742,3.0530717299547043,0.5711885115701665,-0.040094729084350036,-1.2190945205285766
1726406906957942300,12.1689423828125,-3.1038954010852975,-0.8184766108952372,0.046138624897999116,3.0552982071201287,0.5712763774644263,-0.04013082505727939,-1.2192921423391245
1726406906967940000,12.178940185546875,-3.102566743389987,-0.818363067401482,0.04581785117699914,3.0570049736441445,0.5714605170818674,-0.04019222065551064,-1.219732523847355
1726406906977937200,12.188937255859376,-3.101184487481174,-0.818284711686245,0.04558557471162629,3.0585352470952287,0.5715820814257293,-0.040323937090086436,-1.220031373139178
1726406906987935000,12.19893505859375,-3.099870379038217,-0.8181971387353619,0.04535386682147057,3.060016980736153,0.5717176107622024,-0.040441691982396014,-1.2203623095203064
1726406906997933000,12.20893310546875,-3.0983541274556594,-0.8180847393432614,0.045217033721547194,3.061408382491949,0.5718731739435762,-0.04066828068758879,-1.220757011300522
1726406907007931100,12.21893115234375,-3.097028735869657,-0.8180169925320382,0.04527313745275955,3.0621965508525624,0.571942781001851,-0.04098705360452162,-1.2209606675728732
1726406907017929000,12.228928955078125,-3.096005505237733,-0.8179684571439931,0.04560093130592643,3.062110064310553,0.5719541295454093,-0.04143115113454076,-1.2210494319394025
1726406907027927000,12.238927001953124,-3.0956495343651755,-0.8178940754336612,0.04590341472584385,3.061618395422353,0.5720153731325782,-0.0417192456824173,-1.221243872356952
1726406907037925000,12.248925048828125,-3.095787838037266,-0.8178614670573545,0.04608999292058875,3.0610650303476854,0.5720395652159893,-0.04182175088540731,-1.221323545576076
1726406907047922200,12.258922119140625,-3.0955497605351083,-0.8178909620539258,0.04646686255110939,3.0603109197314384,0.571944051825525,-0.04213297229845534,-1.2211423746244525
1726406907057920300,12.268920166015626,-3.0947308660833386,-0.8179130339102216,0.04726206388652002,3.0589403501301105,0.5717934850665926,-0.04285722130677581,-1.2208926273613092
1726406907067918000,12.27891796875,-3.0942278042374785,-0.8178090246444559,0.048382102414486094,3.056552403159134,0.5717812501181043,-0.04374695627863399,-1.2210185000252074
1726406907077916200,12.288916259765625,-3.0941693503811463,-0.817615837778749,0.0495551903771426,3.053721252332809,0.5718922682153087,-0.0445849877580115,-1.2214457107648797
1726406907087914200,12.298914306640626,-3.0942567059059884,-0.817356333641447,0.05060761352964965,3.0510802155528793,0.5721138638508527,-0.0453124363782729,-1.2221267744282795
1726406907097912000,12.308912109375,-3.0944970610609794,-0.817040251584879,0.05165001430502091,3.048353189988995,0.5724168420531686,-0.04600507702698649,-1.2230042866308832
1726406907107910100,12.31891015625,-3.094191793020533,-0.8166977339334587,0.05269641898531176,3.0459961194903693,0.5727444203137905,-0.0468165326162953,-1.2239583554778288
1726406907117907000,12.328906982421875,-3.0936880984696575,-0.8163876602553357,0.05372866168038235,3.0438126269135846,0.5730209222137115,-0.04765839000574575,-1.2247930169574381
1726406907127905000,12.338905029296875,-3.0930872824841225,-0.8161569669416396,0.05451029476136768,3.042312981180594,0.5732186392392106,-0.04834145618991789,-1.2254048550128422
1726406907137903000,12.348903076171876,-3.092434578084629,-0.8159712983115004,0.05492347960825018,3.0417532188194416,0.573406778881847,-0.04877541154762492,-1.2259422055187854
1726406907147901200,12.358901123046875,-3.0911261981910814,-0.815778659952935,0.05502215737792358,3.0424247531023516,0.5736415414554568,-0.0491247757912477,-1.22656446949797
1726406907157899300,12.368899169921875,-3.089192548122793,-0.8156310970862979,0.05495947158513542,3.043934102016169,0.5738262423329832,-0.049486679478199486,-1.2270555712399693
1726406907167897300,12.3788974609375,-3.0865948213417935,-0.8155482632395342,0.05475293482639932,3.0462663218306893,0.5739295214896624,-0.04988021396055782,-1.2273406796356698
1726406907177895200,12.388895263671875,-3.08415362415526,-0.8154850276958472,0.05450094634043665,3.048601365213874,0.5740149014939909,-0.050208088119846686,-1.2275702077511519
1726406907187892200,12.398892333984374,-3.081787224827136,-0.8153571011402586,0.05428971353216848,3.0507841551402204,0.5741865141058442,-0.05055089844329672,-1.2280132363749505
1726406907197890000,12.40889013671875,-3.079278792460959,-0.8151238261016865,0.054243711928111435,3.0526632924919133,0.5744786344709577,-0.051041075631917024,-1.2287782983528117
1726406907207888100,12.41888818359375,-3.076276063474691,-0.8147729494226177,0.05444795809306996,3.05428034042415,0.5748880467956184,-0.051809630438418554,-1.2298788919027255
1726406907217886200,12.42888623046875,-3.072881436246203,-0.8143788977957162,0.05469702266104118,3.0560691661635384,0.5753427690807011,-0.052687605117240036,-1.2311055143989558
1726406907227884000,12.438884033203125,-3.069596645229237,-0.8140129775532589,0.05476401313398259,3.058232873862415,0.5757874178968103,-0.05341042797094782,-1.2322751403096959
1726406907237882000,12.448882080078125,-3.067376506335654,-0.8136789939654607,0.05466090429212555,3.0600658744815874,0.5762335479408128,-0.053792962033427864,-1.233397736232036
1726406907247880200,12.458880126953124,-3.0662112573828875,-0.8133456522886306,0.05423836376399348,3.0619411340298104,0.5767493164599634,-0.053733215253459116,-1.2346169232265882
1726406907257878000,12.4688779296875,-3.065348313854201,-0.8129805906255303,0.05351411806992299,3.0643489095671996,0.5773625729906864,-0.05339637926182821,-1.2360206958202422
1726406907267875000,12.478875,-3.0639086185819617,-0.8125897879931084,0.0527054815911327,3.0673793220549275,0.5780131041231671,-0.05311255520855667,-1.2375143146010772
1726406907277873200,12.488873046875,-3.0619605451984486,-0.8121943368058987,0.05173914653025196,3.0711657670229373,0.5786830009254024,-0.05281391563050979,-1.239038301858649
1726406907287871200,12.498871337890625,-3.059879694416772,-0.8118129296707325,0.05060503999524627,3.0754669931487633,0.5793542557535835,-0.052416777935619746,-1.240541252322941
1726406907297869300,12.508869384765624,-3.057974153797751,-0.8114553426172206,0.04939989384781665,3.0798241531024617,0.58000282643533,-0.05192861297319325,-1.2419740502675483
1726406907307867100,12.5188671875,-3.0562456841038688,-0.8111374397957459,0.04821357438639031,3.084012011834777,0.5805929408902656,-0.05141446814219771,-1.2432639976581978
1726406907317865200,12.528865234375,-3.0559563098289924,-0.8109276852608568,0.04720572241095928,3.0867253298273187,0.5810276521221747,-0.05074290155836638,-1.244180458944729
1726406907327862300,12.5388623046875,-3.0569307697451897,-0.8108416682745342,0.04633480840701658,3.0881865362646144,0.5812888565107494,-0.04992252636048887,-1.244677099122916
1726406907337860000,12.548860107421875,-3.0583546301456206,-0.8108031016091833,0.04573432068856141,3.0886534036809246,0.5814509314816302,-0.04920913148985208,-1.2449668142243364
1726406907347858200,12.558858154296875,-3.060123871348114,-0.8108426038597975,0.04550124081230383,3.087958669537568,0.5814575259451783,-0.048693891027570685,-1.2449255911586803
1726406907357856000,12.56885595703125,-3.062385924678819,-0.8109516330407164,0.04572520407650326,3.0857771149418163,0.5813114374333822,-0.04841110502749541,-1.2445690553899176
1726406907367854000,12.57885400390625,-3.065088205607603,-0.8110464255799104,0.046493603209413065,3.081938202959554,0.5811166469747976,-0.048430807486555795,-1.244165110734245
1726406907377852200,12.58885205078125,-3.068546001232702,-0.8110835693107256,0.04771014928867184,3.0764570010307106,0.580950389520948,-0.04862044613821031,-1.243882870436867
1726406907387850000,12.59885009765625,-3.072249901484542,-0.8109675390824315,0.04907548789684666,3.07043913938556,0.5809778797924786,-0.04886725952278067,-1.244090841642888
1726406907397848000,12.60884814453125,-3.076905340282794,-0.8107441511220341,0.05052553096368413,3.0635303207011235,0.5811550764747951,-0.048990128108694214,-1.2446580873741124
1726406907407845400,12.618845458984374,-3.0818035137222966,-0.8104820341165636,0.05186943593726824,3.0567033806117747,0.5814017008492017,-0.048994312039684636,-1.2453680311687287
1726406907417843200,12.62884326171875,-3.085659771200131,-0.8101837378775059,0.05313226496340213,3.050816885303475,0.5816900314382011,-0.049151173898769565,-1.2461846008707762
1726406907427841300,12.63884130859375,-3.0885659696854564,-0.8099372758508184,0.05437775314312985,3.0456507691860724,0.5818900652844391,-0.04948365593956598,-1.246799365418312
1726406907437839000,12.648839111328124,-3.0913555384666607,-0.809794079503021,0.055504799633019714,3.04086038305653,0.581960096708243,-0.04975132121995872,-1.2470759830006426
1726406907447837200,12.658837158203125,-3.0945235888823386,-0.8097335743652391,0.056272689794807366,3.036686001187058,0.5819762951509975,-0.04968438681051256,-1.2471535900815254
1726406907457835300,12.668835205078125,-3.0978051172989614,-0.8097602270623775,0.056614317683206954,3.0334856975022033,0.5819399787958517,-0.04928515833764179,-1.2470308238072227
1726406907467832000,12.67883203125,-3.1002742273470862,-0.8098464746691146,0.05664410761948155,3.031642777919094,0.5818566239408132,-0.04881739491604643,-1.2467647463411036
1726406907477830100,12.688830078125,-3.101628880101363,-0.809975476520566,0.05649295516455897,3.0310503409918974,0.5817235743182234,-0.04843476769426726,-1.246377389785649
1726406907487828200,12.698828125,-3.1028552354396126,-0.8101432160252539,0.05621929678687844,3.030855382382469,0.5815536733207233,-0.047986532629689084,-1.245885087109439
1726406907497826000,12.708825927734376,-3.1045801321213764,-0.8103517068043347,0.05570790968895355,3.0308917951037135,0.5813713558357178,-0.047267496030755474,-1.2453148843053357
1726406907507824000,12.71882421875,-3.106976490159314,-0.8105633108193764,0.054770353535588824,3.0314968913999683,0.581258034789216,-0.04611230964451431,-1.2448372508259071
1726406907517822000,12.728822021484374,-3.1098714372774925,-0.8107373475427622,0.053447623828976214,3.0326904709652918,0.5812574383010445,-0.0445874859882929,-1.244576181198291
1726406907527820000,12.738820068359376,-3.1131704149015236,-0.8107943675372999,0.05215092849972063,3.033520761520102,0.5814146263371985,-0.04301108338701082,-1.2447045392997271
1726406907537817300,12.7488173828125,-3.1161559150031644,-0.8107275502713871,0.051211778516654975,3.033684272387744,0.5816821898587942,-0.04176154787227245,-1.2451649079111085
1726406907547815200,12.758815185546876,-3.1184715198978465,-0.8105500849226722,0.05056079041426408,3.0336078094073593,0.5820503628618443,-0.04085930198211448,-1.2459309346555387
1726406907557813200,12.768813232421875,-3.120493303091349,-0.8102719806608769,0.050017861906153774,3.0334649091135457,0.5825369622494567,-0.0401018978360374,-1.2470125581852491
1726406907567811300,12.778811279296875,-3.1229424139680866,-0.8099003130869381,0.049656656723171384,3.0325548782084364,0.5831323003410083,-0.03940117158815614,-1.2483754997492247
1726406907577809200,12.78880908203125,-3.1256525950045666,-0.8094619659194772,0.04953700221768505,3.0308498373832164,0.5837890361480879,-0.03883177061599337,-1.2499132474943837
1726406907587807200,12.79880712890625,-3.1291688868019754,-0.8090167052090462,0.049677481603062,3.027914088191157,0.5844290322131575,-0.0382974719620352,-1.2514178465304358
1726406907597805300,12.808805419921875,-3.133448135240582,-0.8086575776461495,0.049839429405793896,3.0243761541001133,0.5849556040900399,-0.03762751402283357,-1.2526223188953647
1726406907607802000,12.818802001953125,-3.1380221112118303,-0.8083677743112856,0.04998612234425615,3.0206640577488693,0.5853907692498065,-0.03688700769123879,-1.2535875459093042
1726406907617800200,12.82880029296875,3.1412639559328923,-0.8080987325185939,0.050152354194731116,3.0173890896783537,0.5857850835737586,-0.036291822478674185,-1.2544699451746353
1726406907627798000,12.838798095703124,3.1379671530150315,-0.8077844378824719,0.05038420478165393,3.0143764904158767,0.5862244891099593,-0.03586885504890792,-1.2554869593738989
1726406907637796000,12.848796142578125,3.1345858242394833,-0.8073935824289423,0.05070444716423056,3.0110657013370408,0.586756989099531,-0.03550799692925134,-1.256740519796976
1726406907647794200,12.858794189453125,3.1309819626747886,-0.807014734344167,0.05093107619517814,3.007818931492779,0.5872864179409931,-0.035040791987678004,-1.257967867267456
1726406907657792000,12.8687919921875,3.1277475296645147,-0.8067274216375631,0.050872936220708195,3.005554169697594,0.587722294101335,-0.03442949779783182,-1.25894260854378
1726406907667790000,12.8787900390625,3.1253940578639168,-0.8065994482518948,0.05043913985910436,3.0048851386205606,0.5879779625964295,-0.03369221615858882,-1.2594572303993408
1726406907677787100,12.888787109375,3.1236347424829423,-0.8066365203501857,0.04966022648825771,3.0055322311057227,0.5880441365029421,-0.03279325775670094,-1.259485240760062
1726406907687785200,12.89878515625,3.122381899094433,-0.806813258783599,0.04869450625162534,3.007037144496836,0.5879352103896642,-0.031833243303573316,-1.2590782623579557
1726406907697783300,12.908783203125,3.121575062417388,-0.807087446407804,0.04764139928019303,3.0091017224750907,0.5876960101649995,-0.03087936684005372,-1.2583564050700604
1726406907707781000,12.918781005859374,3.1208217601472814,-0.8073895454464904,0.046674098369148764,3.0109987069281097,0.5874044847721014,-0.02999323754589255,-1.2575177479834598
1726406907717779200,12.928779296875,3.1196098084075325,-0.8076540478555015,0.045863026856883655,3.0121695284055043,0.5871477546520842,-0.029138080542076568,-1.2567688812959217
1726406907727777300,12.93877734375,3.118023626172251,-0.8078641419416461,0.04498839387125405,3.013214856836915,0.5869734532929008,-0.028174209211725157,-1.2562105651998807
1726406907737775000,12.948775146484374,3.1163165027452213,-0.8079977081120396,0.04398855405829764,3.0144661879377455,0.5869155829311519,-0.027109118127644216,-1.255930287267712
1726406907747772200,12.958772216796875,3.1144498240402605,-0.8080219762761348,0.0429581142665531,3.0156554237082505,0.587008301373345,-0.026008603358089813,-1.2560204000914523
1726406907757770000,12.96877001953125,3.1120593503465748,-0.807938396176391,0.04213054912698151,3.015942295272767,0.5872283292118041,-0.02497079561248108,-1.2564305990777656
1726406907767768000,12.97876806640625,3.1092934835599637,-0.8077659138626659,0.041555131837413495,3.0153154128026314,0.587544707702267,-0.024057496889281525,-1.257090699858856
1726406907777766100,12.98876611328125,3.106695754825161,-0.8075632401308,0.04117507649486489,3.0143204616580697,0.5878793469877008,-0.023322974678377118,-1.2578159471382437
1726406907787764000,12.998763916015625,3.104572110235151,-0.8073691090470224,0.04101745661278691,3.013121705967843,0.588176134216317,-0.02283865765109242,-1.2584788608316706
1726406907797762000,13.008761962890626,3.1024478984358086,-0.8071830412737304,0.041211136521879924,3.0110559584243495,0.5884268197507743,-0.022607040275027322,-1.2590507745564963
1726406907807759000,13.018759033203125,3.1002288381726695,-0.8070076878336212,0.04165473842880864,3.00830519649761,0.5886387000574673,-0.02253690956269372,-1.2595396266664218
1726406907817757200,13.028757080078124,3.0979489373174594,-0.8068359141278393,0.042158427888496636,3.0053608007145773,0.5888398529606438,-0.02249930273170202,-1.2600033057524866
1726406907827755300,13.03875537109375,3.095826327053477,-0.8066585748020141,0.04271321953241962,3.0024016233048165,0.5890416305691575,-0.022530713658879997,-1.2604756086387356
1726406907837753300,13.04875341796875,3.094313372174776,-0.8064952805509829,0.04322639893449158,2.999991328621781,0.5892231561684159,-0.022645936747916994,-1.2609131256018984
1726406907847751400,13.05875146484375,3.093388632223957,-0.8063079031790836,0.04370934888682583,2.998077269320057,0.5894357976061623,-0.022856146720735247,-1.2614459386409116
1726406907857749200,13.068749267578125,3.0926291601909557,-0.8060898639989585,0.044283830903569264,2.99604888635265,0.5896788863831344,-0.02317047135545992,-1.2620672314748795
1726406907867747300,13.078747314453125,3.092095002345255,-0.8058630860057163,0.04494269066485436,2.9939733032400064,0.5899222618632333,-0.02359070896634396,-1.2627034061591178
1726406907877744000,13.088744140625,3.09165221266243,-0.8056320649518256,0.045744306691816894,2.9916100218416695,0.590154380940356,-0.024132784615975077,-1.2633267913546309
1726406907887742200,13.0987421875,3.09111879649672,-0.8053929030431226,0.04665403626008949,2.9889101148017385,0.5903844322845612,-0.024738428423144977,-1.263950897124139
1726406907897740300,13.108740234375,3.0904982203245948,-0.805177810022645,0.04765334454767753,2.9859306527546936,0.5905703571550022,-0.025388231828301213,-1.264470448241473
1726406907907738000,13.118738037109376,3.089992971780486,-0.8049822767435622,0.04873153216974962,2.9828452999702275,0.5907172661167274,-0.02611306723273491,-1.264905015876252
1726406907917736200,13.128736083984375,3.0899309715566594,-0.8047753178760914,0.04982338295452748,2.980046783772601,0.5908713580252196,-0.026933633347443687,-1.265377903505807
1726406907927734300,13.138734375,3.0903602836081405,-0.8045483160477335,0.05085001296315146,2.9777628309046023,0.5910527485445045,-0.027803695540270977,-1.265935125325191
1726406907937731300,13.1487314453125,3.0910883468979344,-0.8043564825727679,0.05180958410070613,2.9758732285320875,0.5911888344220987,-0.028673422750219044,-1.266387325978601
1726406907947729400,13.1587294921875,3.0921303144463868,-0.8042411335785061,0.05263171299766226,2.9745753910964425,0.5912332179436037,-0.029485314682347934,-1.2666129873551244
1726406907957727200,13.168727294921876,3.093538186688771,-0.8041841729205456,0.05326467551709377,2.974029987877279,0.5912170976599436,-0.03021563771915737,-1.2666859326858375
1726406907967725300,13.178725341796875,3.09544912543131,-0.8042260727491413,0.05357726309131272,2.9746728536793827,0.5911023409335843,-0.030786563243336423,-1.2665024144554349
1726406907977723400,13.188723388671875,3.098195126139965,-0.804369215699039,0.053475987798782196,2.976977632329873,0.5908955384373596,-0.031192976447522974,-1.2660813757856777
1726406907987721200,13.19872119140625,3.1015796236365833,-0.804549231499563,0.053258322991672234,2.980045792417591,0.590646962847515,-0.03162797847677375,-1.2655668804189517
1726406907997719300,13.20871923828125,3.1051704423003454,-0.804760629416111,0.053074270477870035,2.9831873270943663,0.5903487503335345,-0.03212128378415083,-1.2649368032200383
1726406908007716000,13.218716064453124,3.1087919194178664,-0.8050229088480331,0.05273105948712728,2.986753096725944,0.590001184667134,-0.03249829173384619,-1.2641665611754114
1726406908017714200,13.228714111328125,3.112287067348359,-0.8053641749299597,0.0520720238818273,2.9910198315943077,0.5895875255245125,-0.03261274691036459,-1.2631923580501285
1726406908027712300,13.238712158203125,3.115732317759764,-0.8058015970414696,0.05121398128786282,2.9957564394872325,0.5890676957315681,-0.032561898778631845,-1.261929454845377
1726406908037710000,13.2487099609375,3.119615880667535,-0.8063233113161218,0.050282835749761605,3.0010022324452374,0.5884352231704048,-0.03253299664856271,-1.26039078626926
1726406908047708200,13.258708251953125,3.1242430171266733,-0.8069284856182182,0.04954380068489323,3.006320181431599,0.5876541720976464,-0.032778189576450664,-1.2585232695875923
1726406908057706200,13.268706298828125,3.129654685402496,-0.8075789316961214,0.04927992308784975,3.0110289199593625,0.5867404265782753,-0.033518308020395064,-1.2563959238740465
1726406908067703300,13.278703369140626,3.135087661766478,-0.808216032527684,0.04928325618694024,3.0150734799097076,0.5858069503973854,-0.03446851919344251,-1.2542449096177473
1726406908077701400,13.288701416015625,3.139785575510964,-0.8088718742458592,0.049092292594324995,3.0190501640260683,0.5848768217663424,-0.03514747498450101,-1.252058700867222
1726406908087699200,13.29869921875,-3.1401475553456812,-0.8094781204802056,0.04849472963410193,3.0229612083833404,0.5840799523248221,-0.03527279586824642,-1.2501153117962256
1726406908097697300,13.308697265625,-3.1381864262288115,-0.8099901343014703,0.047566952299231184,3.0267305434396476,0.5834666987941173,-0.034930177726978866,-1.2485537233098594
1726406908107695400,13.3186953125,-3.1370769921288475,-0.8103828039088542,0.046480144359894844,3.0302557455199586,0.5830445492696249,-0.034326309716349666,-1.247425056497179
1726406908117693200,13.328693115234374,-3.1361447467863592,-0.8106653365614748,0.045136553145573445,3.034267689910524,0.5828042523409741,-0.033519597046533255,-1.246717078854901
1726406908127691300,13.338691162109376,-3.1351679595917785,-0.8108966080949163,0.04357194553910582,3.038846678500984,0.5826553815596659,-0.0325711953387336,-1.2462168704292942
1726406908137688000,13.34868798828125,-3.1337964178338553,-0.8111908681988036,0.041980229446065664,3.0437803910032883,0.5824118995564055,-0.031676384739397496,-1.2454935156176552
1726406908147686100,13.35868603515625,-3.1319453105624167,-0.8116116094803574,0.04027652284808596,3.0493422913716492,0.5819935546613602,-0.03078755523036668,-1.2443424286794658
1726406908157684200,13.368684326171875,-3.13037000144677,-0.8121962595650201,0.03834956883657712,3.055262958625221,0.581365433918295,-0.02967698270378698,-1.2426514676494897
1726406908167682000,13.37868212890625,-3.1297778855842235,-0.8129482774522991,0.036203137615735695,3.0610235384333757,0.580524526844934,-0.02820991465213801,-1.2404048110568484
1726406908177680100,13.38868017578125,-3.1301854727226868,-0.8138206591823537,0.03381400667125407,3.066665488682285,0.579531927624277,-0.026370492996354876,-1.237758198815865
1726406908187678500,13.398678466796875,-3.1313542129593346,-0.8147291371599275,0.031251092484005566,3.0721856140475534,0.5784905796534356,-0.024260098421040602,-1.2349829097771767
1726406908197675300,13.40867529296875,-3.133232878256481,-0.8155973943747103,0.028707771777043836,3.077144546668001,0.5774872614665236,-0.0220284199025885,-1.2323118351782958
1726406908207673300,13.41867333984375,-3.13551148710792,-0.8164125944738141,0.02651826902972717,3.0809471199313796,0.5765140385521114,-0.01997168732059433,-1.2297519733660298
1726406908217671200,13.428671142578125,-3.137434378622329,-0.8171242570543633,0.024932194484182473,3.083516781424145,0.5756274928707393,-0.018420154596964215,-1.2274602552321028
1726406908227669200,13.438669189453124,-3.138764167361564,-0.8177137879782633,0.024187053962105076,3.0844406114475253,0.574847607623264,-0.017588754175986907,-1.225491949935373
1726406908237667300,13.448667236328125,-3.140084199255879,-0.8182339884501705,0.02428311081857116,3.083313575014267,0.5741101765764388,-0.01735171635710923,-1.2236741664810307
1726406908247665200,13.4586650390625,3.1414087284858834,-0.8187275683768258,0.025104700864978482,3.080156933133753,0.5733648585215472,-0.017542724494672694,-1.221869154695622
1726406908257663200,13.468663330078124,3.1400112387853736,-0.8192027345872832,0.02644577925321277,3.0759450054435673,0.5726061346889776,-0.018153430622870607,-1.2200635292928292
1726406908267660300,13.478660400390625,3.1398406437345563,-0.8196604406050244,0.028083710310085528,3.07187195845781,0.5718378682028934,-0.01922366274804285,-1.2182759588753185
1726406908277658000,13.488658203125,3.1403818599300544,-0.8201052705533597,0.029874092704839258,3.0679274660791136,0.5710628099358878,-0.020546085196378315,-1.2164999570914434
1726406908287656200,13.49865625,3.140840194288897,-0.8204982796418737,0.031800806019806116,3.063592529900395,0.5703416273521051,-0.021945473694472008,-1.2148708933550876
1726406908297654300,13.508654296875,3.1414755388986824,-0.820865116250299,0.033726539558638136,3.0593844140797235,0.5696458202711193,-0.02337983655850264,-1.213316969162471
1726406908307652400,13.51865234375,-3.1408708304499813,-0.8212301349192503,0.035556591918458835,3.0555532928864535,0.5689484428393278,-0.024788033176446386,-1.2117659840538486
1726406908317650400,13.528650390625,-3.1399457989155644,-0.8216104003963698,0.03731128599157095,3.0519692289752154,0.5682252375156363,-0.026158114222196313,-1.210157287680294
1726406908327647200,13.538647216796875,-3.139025696306819,-0.8220226774346767,0.0390107526628597,3.0485218046957425,0.5674517038775292,-0.027483055161349305,-1.2084299971387782
1726406908337645300,13.548645263671874,-3.137766055661399,-0.822465815284982,0.04054134692728264,3.045723999370022,0.5666384821797725,-0.028759594435818023,-1.2066088091806015
1726406908347643400,13.558643310546875,-3.135842829567756,-0.8229052257488011,0.041810641010108715,3.0440169463064883,0.5658435820209542,-0.029999881530641977,-1.2048342317830103
1726406908357641200,13.56864111328125,-3.1334906155900577,-0.8233062284119945,0.04279422247048537,3.043291273083359,0.5651243727272779,-0.03114240805196951,-1.2032345207927804
1726406908367639300,13.578639404296876,-3.1309543715300814,-0.8236446583081793,0.04329552322944377,3.043850979946659,0.5645446635175718,-0.03200414020998917,-1.2019382229850661
1726406908377637400,13.588637451171875,-3.1287563211894645,-0.8239076109024496,0.043312552359428214,3.045341286364339,0.5641329058068437,-0.032471705384673824,-1.2009963382591005
1726406908387634200,13.59863427734375,-3.1271085007533843,-0.8240891210658726,0.04296493161219984,3.0473280388976214,0.5638880224904718,-0.03257994026200243,-1.2004099590401942
1726406908397632300,13.60863232421875,-3.1259022972286665,-0.8242315791915904,0.0423014938378158,3.0497726869617594,0.563741482408314,-0.03238119423370727,-1.2000207657011275
1726406908407630000,13.618630126953125,-3.1251649842236304,-0.8243000338335394,0.0414814073826283,3.052269066671045,0.5637251698826902,-0.0319797769316913,-1.1999210792642037
1726406908417628400,13.62862841796875,-3.1242814151707026,-0.8242260397740893,0.04062302265102372,3.0549474124540015,0.5639175125148249,-0.031595289335893575,-1.2003282743670103
1726406908427626500,13.63862646484375,-3.122986759773156,-0.8239579030057724,0.039755618531103494,3.057916848966413,0.5643871188184805,-0.03130751089959932,-1.2014173925174285
1726406908437624300,13.648624267578125,-3.1210973948580065,-0.8235321942959482,0.03884505088125583,3.061392788920785,0.5650813619517159,-0.031127404057435117,-1.203060399907227
1726406908447621400,13.658621337890626,-3.1184029686242885,-0.8230284839052779,0.037887222812755195,3.065539867160705,0.5658817949723717,-0.03108885286824895,-1.204972590429716
1726406908457619200,13.668619140625,-3.1148940312768847,-0.8225438832215133,0.03679333885719662,3.0705900062291462,0.566656023272156,-0.031123981354567128,-1.206821491492078
1726406908467617300,13.6786171875,-3.1109933561707943,-0.8220835919454734,0.035475123896636894,3.076469555339663,0.56741010629052,-0.03107853859354961,-1.2086035248080698
1726406908477615400,13.688615478515626,-3.107491141769398,-0.8216052424460137,0.033814470834554244,3.082920702142638,0.5682243348118855,-0.03070147347501152,-1.210488933973285
1726406908487613200,13.69861328125,-3.105344063801159,-0.8210994887963805,0.03188871636044973,3.089093130909344,0.5691119442123532,-0.029841154024947827,-1.2125074706499426
1726406908497611300,13.708611328125,-3.1046922302577507,-0.8206273034291297,0.02988914138564596,3.09441910738434,0.5699643423713164,-0.02860158460540736,-1.2144175731522193
1726406908507609300,13.718609375,-3.1054464850914973,-0.8202254120631136,0.028288504622942637,3.097800695384092,0.5706862198843933,-0.027334538143811142,-1.216034319237067
1726406908517606100,13.728606201171875,-3.1072448355927995,-0.8199449986099892,0.02736235221093566,3.09881025896199,0.5711822660374685,-0.02631324162372227,-1.2171497565301042
1726406908527604200,13.738604248046874,-3.109358278534674,-0.8197822555026039,0.027205058265499845,3.097722150524455,0.5714484154967875,-0.025760220028756227,-1.2177626725096276
1726406908537602300,13.748602294921875,-3.111455270466413,-0.8196959373065376,0.027758913293718466,3.0949088571417644,0.5715480983925129,-0.02570588804929585,-1.2180238961385885
1726406908547600400,13.758600341796875,-3.113137772204305,-0.819657888041654,0.02884243269304313,3.0910919047106606,0.5715309366739003,-0.026107233869866287,-1.2180448222699984
1726406908557598500,13.768598388671874,-3.1143156438476067,-0.8196102666636337,0.030111567945680512,3.08717367921018,0.5715043174237701,-0.026744318420464964,-1.2180638265393258
1726406908567596300,13.77859619140625,-3.115268858706329,-0.8195216992403628,0.03125418049429138,3.0837195720590245,0.5715416903600752,-0.02734205831448397,-1.218233212162276
1726406908577593300,13.78859326171875,-3.116206620571441,-0.8193983532971465,0.03219845830240847,3.0807583372092098,0.5716434861833196,-0.027806757407448413,-1.2185443451091784
1726406908587591200,13.798591064453126,-3.1171957180752488,-0.8192238047349555,0.03307583015015721,3.077921820981259,0.5718235766086427,-0.028217019263779418,-1.219041599464419
1726406908597589200,13.80858935546875,-3.1184772321453123,-0.8189713580762352,0.03405035354755547,3.0746391643702817,0.5721068082755868,-0.028638456376654672,-1.219793805826669
1726406908607587300,13.81858740234375,-3.1202538025079964,-0.8186798179958872,0.034993139060817524,3.071083223939378,0.5724520631679539,-0.028938339286505965,-1.2206869099644941
1726406908617585200,13.828585205078125,-3.122324645099825,-0.8184337610967134,0.03569763598634563,3.0679017687425527,0.5727568065387665,-0.029010759722086357,-1.2214546469657053
1726406908627583200,13.838583251953125,-3.1244779829210536,-0.8183216544354248,0.03601950553857918,3.0656017904074773,0.5729077071364146,-0.02879289834171642,-1.2218098857096664
1726406908637580000,13.848580078125,-3.1263886411920145,-0.8183654819227595,0.0361158040613571,3.06403180973586,0.5728556923630475,-0.02845871746134242,-1.2216534354244417
1726406908647578000,13.858578125,-3.128567926784808,-0.8185286925834208,0.03627063316467823,3.062140335901261,0.5726305036431699,-0.028100413919719062,-1.221072670331345
1726406908657576400,13.868576416015625,-3.1308002910118726,-0.8187627309545992,0.03643670766831225,3.060191981518095,0.5723031536617915,-0.027732043629740383,-1.2202403218632702
1726406908667574300,13.87857421875,-3.1331959534725438,-0.8190084934297437,0.03662993992144034,3.0580674087263273,0.5719577312054573,-0.027345288231499353,-1.2193616304662076
1726406908677572400,13.888572265625,-3.135500466466111,-0.819250194012695,0.037021066181806984,3.055527144877872,0.5715972420212014,-0.027112971386042396,-1.2184622503285467
1726406908687570400,13.8985703125,-3.1373721237836514,-0.819487004797067,0.0378274921012301,3.0522802466603998,0.5711981423039639,-0.027257426077442436,-1.2175108719005348
1726406908697567200,13.908567138671875,-3.1381492369040234,-0.8197279756563178,0.039014747901335516,3.048872570012,0.570741483497351,-0.027893018963267936,-1.2164745009631763
1726406908707565300,13.9185654296875,-3.1379898263037544,-0.8199539437089536,0.04033737205305387,3.045788453424117,0.5702786980845849,-0.02881901402708091,-1.2154599130814854
1726406908717563100,13.928563232421874,-3.1368988802745066,-0.8200872103148044,0.041522856182318296,3.0436769803801274,0.5699487526316735,-0.029855211038143054,-1.2147856612742574
1726406908727561200,13.938561279296875,-3.1347183669976064,-0.8200775017755381,0.04242940864400687,3.0429855257174787,0.5698378113875874,-0.03094375402426117,-1.2146522005022153
1726406908737559300,13.948559326171875,-3.1319594673794082,-0.8199534923443415,0.04302989392905737,3.0434287977243186,0.5699155347812646,-0.03195464165844928,-1.2149686518562282
1726406908747557000,13.95855712890625,-3.1294717425309178,-0.8198127067654697,0.04340374727073803,3.0442344082029233,0.5700442459479005,-0.032752500988024034,-1.2153814330229107
1726406908757554200,13.96855419921875,-3.127480021403449,-0.8197207166023833,0.043663745340764525,3.0449780378943747,0.5701214667073125,-0.03336168268606833,-1.2156457711850734
1726406908767552300,13.97855224609375,-3.1255660687337814,-0.8197221096959522,0.04380188951135882,3.045973157638832,0.5700793352224279,-0.03386174353490834,-1.2156041923274947
1726406908777550300,13.98855029296875,-3.123282747764053,-0.8198688842340612,0.04383471829327008,3.0474935994923222,0.5698362072119062,-0.03435529695093911,-1.2150702383653673
1726406908787548400,13.99854833984375,-3.1202020406368365,-0.8201298238320365,0.04369447644041507,3.049996093337147,0.5694387578706074,-0.03489085811109376,-1.2141600846869898
1726406908797546500,14.00854638671875,-3.117463282617372,-0.8203774360332298,0.04350734355056897,3.052370212547534,0.5690695219860109,-0.03532525199866649,-1.2133043936309231
1726406908807544300,14.01854443359375,-3.1153176463446557,-0.8205407047158618,0.04339519292808986,3.054141775998859,0.568819591728509,-0.03569316337033288,-1.2127323509774006
1726406908817542400,14.02854248046875,-3.1133779595423254,-0.8206422543962802,0.043490438952686075,3.0552605490368547,0.5686361456728498,-0.03616540310627624,-1.2123396889492226
1726406908827539200,14.038539306640626,-3.111670710552206,-0.8206731126211687,0.043930316941201565,3.055374578983152,0.5685150693473664,-0.03683067831388895,-1.2121306264433842
1726406908837537300,14.048537353515625,-3.110018267795617,-0.820602063694083,0.044565368224588994,3.054969990235317,0.5685160506579164,-0.037625165700814034,-1.2122400868446046
1726406908847535000,14.05853515625,-3.108380914342737,-0.820467731563176,0.045256156494947915,3.054416349621612,0.5685996278684804,-0.03845853020422753,-1.2125588586172278
1726406908857533200,14.068533203125,-3.106762699272854,-0.8203357390470444,0.046001344013310144,3.0537173422296635,0.5686709704798637,-0.03932495519082084,-1.2128555303546906
1726406908867531300,14.07853125,-3.1051317704946046,-0.8202698755418358,0.04659344503967885,3.0534031976520737,0.5686647847229438,-0.0400844071326626,-1.2129476858273345
1726406908877529000,14.088529052734375,-3.1034487565346667,-0.8202980151943349,0.04687223204448582,3.0538922366117798,0.5685623372117367,-0.0406333823529103,-1.2127699814749513
1726406908887526400,14.0985263671875,-3.101575182214073,-0.8203462202674467,0.04678068793598895,3.055415827792319,0.5684765010434971,-0.04096658131274385,-1.2125922958669904
1726406908897524200,14.108524169921875,-3.099206697730645,-0.8203898657180101,0.046327771403255245,3.0581620194469568,0.568436764415948,-0.041156378431529146,-1.2124921949481147
1726406908907522300,14.118522216796874,-3.096777207311537,-0.8204211404033416,0.045722943444702145,3.0613200121488315,0.5684334644958093,-0.04125508697988301,-1.2124619188432983
1726406908917520400,14.128520263671875,-3.0947508597210946,-0.8204083593292779,0.04527282953939746,3.0638209141106603,0.5684791730255204,-0.04137643994836613,-1.2125597830330743
1726406908927518200,14.138518310546875,-3.092987931117336,-0.8203217306058254,0.04487341754531466,3.066015509518785,0.5686284036236432,-0.041478821323497124,-1.212909258005228
1726406908937516300,14.148516357421874,-3.091310601234897,-0.820119462938188,0.044310988495151284,3.0685492510208006,0.568966079170581,-0.04145256911061766,-1.2136947164982208
1726406908947513300,14.158513427734375,-3.089491853255329,-0.8197901899745831,0.043347057734520474,3.072164085264391,0.5695341997443081,-0.04117881571681928,-1.214993295592391
1726406908957511200,14.16851123046875,-3.087184904145355,-0.819364814560623,0.04208463558254883,3.076854497018282,0.5702681516919966,-0.04079798895978238,-1.2166683920361547
1726406908967509200,14.17850927734375,-3.0844633586573598,-0.8188772376011826,0.04072719536202427,3.082076718200656,0.5710924859280293,-0.04043150869167531,-1.2185572913897198
1726406908977507000,14.188507080078125,-3.081939698789603,-0.8184105777381249,0.03950190831890823,3.086848436593793,0.571869894827309,-0.04010701136050201,-1.2203435168277326
1726406908987505200,14.198505126953124,-3.0802387627967303,-0.8180324274215928,0.038362636931867845,3.0908400483213074,0.5725190258028207,-0.03966402800968856,-1.2218148948715948
1726406908997503200,14.208503173828126,-3.0796919154912517,-0.817794348634098,0.03701654357619084,3.094528751557814,0.5730047415818978,-0.03883252969671897,-1.2228501155894267
1726406909007500300,14.218500244140625,-3.079748580908858,-0.8177155174594007,0.03546887637826889,3.0982819374657264,0.5732883536692956,-0.03773396975199594,-1.2233647747428489
1726406909017498400,14.228498291015624,-3.080204053048121,-0.8177860730344859,0.033761574348735716,3.1021384326974077,0.5733742624810038,-0.03644219241515537,-1.223380446889808
1726406909027496400,14.238496337890625,-3.0811369992183426,-0.8179304072780959,0.03221279303317641,3.105267257254522,0.5733373219777126,-0.0351639834138283,-1.2231157743654757
1726406909037494300,14.248494384765625,-3.082382990482271,-0.8180823943072699,0.031098864430243983,3.1071113901101257,0.5732447688603601,-0.034126240986213356,-1.2227636364531391
1726406909047492400,14.258492431640626,-3.0840257304762164,-0.8182061988054995,0.03052822219213144,3.10734986278127,0.5731421211807066,-0.03338630434905237,-1.2224407796310588
1726406909057490200,14.268490234375,-3.085778531221755,-0.8182674999344033,0.030575001722360464,3.1060048704805263,0.5730713350621395,-0.03305479599596032,-1.22225707594694
1726406909067487200,14.2784873046875,-3.0875698549001065,-0.8182312202782898,0.03120657115481651,3.1032077891886134,0.5730853499269795,-0.03312339860802791,-1.222337276934978
1726406909077485300,14.2884853515625,-3.0895394385490627,-0.8180922538808703,0.032464272811729054,3.098757875419874,0.5731863460045409,-0.033593105462164013,-1.2226882596063222
1726406909087483100,14.298483154296875,-3.09083292812024,-0.8178645489131494,0.03405574310396921,3.093965915549508,0.573368650400291,-0.034438744537481414,-1.2232799957938747
1726406909097481200,14.308481201171874,-3.0918560409784024,-0.8175873120965512,0.03584206135212784,3.088884866162118,0.5735917999919784,-0.0354795844035391,-1.2239989879581976
1726406909107479300,14.318479248046875,-3.092399142568597,-0.8172616855170507,0.037480082010401414,3.084500721257854,0.5738857550013342,-0.03651893444601845,-1.224885855331159
1726406909117477000,14.32847705078125,-3.092738429640021,-0.8169051673947374,0.03874408356017316,3.0811724219664782,0.5742563913240466,-0.03734082954072751,-1.225926590588034
1726406909127474400,14.338474365234376,-3.0931214754371408,-0.8165211258749335,0.03963119419645165,3.078733788194231,0.5747059062667151,-0.037891583150628606,-1.2271203404737818
1726406909137472300,14.34847216796875,-3.093591891474896,-0.81611582835653,0.04034701230237187,3.076650765924575,0.575204094116471,-0.0383063052257436,-1.2284137190367546
1726406909147470300,14.35847021484375,-3.09386645937168,-0.8156986988336966,0.040848879202336534,3.0752279647205865,0.5757396809183744,-0.03861257629563846,-1.2297785985456466
1726406909157468400,14.368468505859376,-3.0936904356062493,-0.8152956530186127,0.04102895130367266,3.0749111404280667,0.5762857647909227,-0.03878466733303955,-1.231139777546947
1726406909167466200,14.37846630859375,-3.0927508230316705,-0.8148708476832328,0.04090754822734798,3.0758748749032887,0.5768873088339015,-0.03889940129803504,-1.2326157501696553
1726406909177464300,14.38846435546875,-3.0907848328660354,-0.8144175795645041,0.040598952454992114,3.078028608221892,0.5775359535366748,-0.039088074696286654,-1.2342013716858562
1726406909187461000,14.398461181640625,-3.0882126090079804,-0.8139244185795097,0.04027038508954044,3.0806681864692274,0.5782337860042437,-0.03938130638584422,-1.235914019729153
1726406909197459200,14.408459228515625,-3.0854189215595116,-0.8133166411865316,0.04003183160070706,3.083254434538838,0.5790779340596655,-0.039778328122605934,-1.237999153773991
1726406909207457300,14.418457275390624,-3.082213263813917,-0.8125435903401913,0.039858973781018825,3.085987810076103,0.5801381700984577,-0.04029758682839201,-1.2406272571383719
1726406909217455000,14.428455078125,-3.078692909960907,-0.811646533029825,0.039746229317560354,3.088816855237313,0.5813573031825844,-0.040911956907979254,-1.2436570581073496
1726406909227453200,14.438453125,-3.0749903241979752,-0.8106952589124495,0.0395892010991063,3.0919055370564688,0.5826509785897123,-0.04151795592704149,-1.2468671217565488
1726406909237451300,14.448451171875,-3.071330180493498,-0.8097488063469896,0.039367767885406,3.0951412349900345,0.583942101827486,-0.04205624326328372,-1.250061978395429
1726406909247448300,14.4584482421875,-3.0673355918242047,-0.8087443130750535,0.0390487680536471,3.0988833709408294,0.5853163915365995,-0.04257338708647698,-1.2534520860296612
1726406909257446400,14.4684462890625,-3.063577404452891,-0.8076963455256534,0.03860937869076594,3.102778576557978,0.5867640612911609,-0.04294033567508229,-1.2570050782667401
1726406909267444200,14.4784443359375,-3.0606697393674134,-0.8066383966136468,0.03807035527407257,3.1063254902337265,0.5882442296232042,-0.04305669641528218,-1.2606179254496361
1726406909277442300,14.4884423828125,-3.0583105627076916,-0.8055340240354978,0.03733454280044033,3.109984931294149,0.589813540999755,-0.04290939622689421,-1.264423341710869
1726406909287440400,14.4984404296875,-3.0563960701082937,-0.8043684246146321,0.0362707365883926,3.1141601028142905,0.5915035610077931,-0.04242041483055316,-1.2684847322374835
1726406909297438200,14.508438232421875,-3.0552014530610037,-0.8031552247637345,0.034882419904500216,3.1186389574090922,0.5932953534068469,-0.04154114958548546,-1.2727589290095414
1726406909307435300,14.518435302734375,-3.054754917815315,-0.8019289181697493,0.033285005726309644,3.123105531512865,0.5951248992816611,-0.04035535133976549,-1.2771063236262812
1726406909317433000,14.52843310546875,-3.0546222275823105,-0.8007485176805255,0.03151830900569923,3.1277710231882576,0.5968996033929898,-0.03897728540470848,-1.281307570289894
1726406909327431200,14.53843115234375,-3.0547398935594043,-0.7997087425620791,0.029707851069818696,3.132353684699506,0.5984775837750681,-0.03752092645952729,-1.2850262103890344
1726406909337429200,14.54842919921875,-3.055157697139496,-0.7989021761180277,0.02798955771865843,3.1364585363673876,0.5997243617364615,-0.036090680733627256,-1.2879412998951516
1726406909347427000,14.558427001953126,-3.055950802876477,-0.7984495651349394,0.026361750341229402,3.1400105487133607,0.6004831517284183,-0.034687152340341046,-1.2896566237520017
1726406909357425200,14.568425048828125,-3.05771749992381,-0.7984027878418232,0.024801832502681146,-3.140580636872575,0.6006961772656724,-0.03319825738542873,-1.2900241644092587
1726406909367422500,14.57842236328125,-3.0606133458500357,-0.7987730855773268,0.023221666745340538,-3.1388431433976494,0.6003566821954015,-0.03153311350970692,-1.2890163946300481
1726406909377420300,14.588420166015625,-3.064616388887417,-0.7995314031502853,0.02167535122309537,-3.1380717926702184,0.5994962466570679,-0.029730827842779785,-1.2867202211112845
1726406909387418400,14.59841845703125,-3.0699793332186216,-0.8006142837586037,0.0203351135968571,-3.138865380997778,0.598186417383401,-0.027862886679742342,-1.2833337444760502
1726406909397416200,14.608416259765624,-3.07705881482838,-0.8019162057804483,0.01949762726303659,3.1409894048719385,0.5965492322936959,-0.0260644822748116,-1.2791833155096541
1726406909407414300,14.618414306640625,-3.085231928243072,-0.803309860329695,0.01942959694029964,3.1349625558327316,0.5947349300346062,-0.02461694488457953,-1.2746542179024005
1726406909417412400,14.628412353515625,-3.093676148397811,-0.8046831373314789,0.02001472074675194,3.1271695641268638,0.5928990275407005,-0.023561738396121336,-1.2701148003305758
1726406909427409200,14.6384091796875,-3.1018696722214867,-0.8059779388516867,0.02102320209267591,3.1185764624569026,0.5911319067766675,-0.022817937647854305,-1.2657663950964033
1726406909437407200,14.6484072265625,-3.1098260530085584,-0.8071435313422175,0.02234823415775024,3.109436648896042,0.5895103128222257,-0.022305860510347535,-1.2617888038227911
1726406909447405300,14.6584052734375,-3.1170107386764627,-0.8081146190689389,0.023916877402939546,3.1003115739942717,0.5881251552076963,-0.022080014694687358,-1.2584046381221081
1726406909457403100,14.668403076171876,-3.1228569987184596,-0.8088555445665889,0.02560671574931064,3.091897607519369,0.5870309251616794,-0.022172664644952454,-1.2557498400907978
1726406909467401200,14.678401123046875,-3.1273273797622263,-0.8093921580364277,0.027184208360719043,3.0847791891245078,0.5862098209613813,-0.022435490353135686,-1.2537713095673795
1726406909477399000,14.68839892578125,-3.1305771542119776,-0.8097242693829334,0.028507481189386046,3.079177442310867,0.5856762204548167,-0.022748207179814864,-1.2524984940611152
1726406909487396400,14.698396240234375,-3.133116965997446,-0.8098435466596262,0.02956634057199935,3.0747354252108576,0.5854481243918939,-0.023014206308886773,-1.2519690431023989
1726406909497394400,14.70839453125,-3.135493156421261,-0.8097701477130675,0.030345492088719655,3.0710898765587857,0.5855056710936615,-0.023121310343023303,-1.252127382268371
1726406909507392300,14.718392333984376,-3.138225569703093,-0.8095470605175318,0.030928046528557285,3.0676580482596436,0.5857872298896721,-0.02302967944888826,-1.2528172243330284
1726406909517390300,14.728390380859375,-3.1413001669669987,-0.8091996865452148,0.03128137075294275,3.0645286706979373,0.5862602425971418,-0.02271947043056436,-1.253955986647399
1726406909527388400,14.738388427734375,3.138548152321224,-0.8087155166771084,0.03131078136125871,3.0619884143903358,0.5869486213777114,-0.022141181816418085,-1.2555996622321628
1726406909537385200,14.74838525390625,3.13548142822377,-0.8080999267526645,0.031019549092164173,3.0604136293640343,0.5878387908581507,-0.021400112016363056,-1.2577265144627507
1726406909547383300,14.75838330078125,3.133120833339898,-0.807406026122114,0.03047635286461132,3.059958544518027,0.5888474310043438,-0.020622975723238176,-1.26014591487048
1726406909557381000,14.768381103515624,3.1307197908494526,-0.8067246759365841,0.02994849930584189,3.0594310062480203,0.5898340199528078,-0.019852061517621748,-1.262514792017807
1726406909567379200,14.778379150390625,3.1275789277688126,-0.8061223128680568,0.029669629583186214,3.057748264088022,0.5906953893963426,-0.01912056971417005,-1.2645769315623507
1726406909577377300,14.788377197265625,3.124096275004977,-0.8056166063553692,0.029665673178290285,3.0551375988230025,0.5914041366393862,-0.01852178685955247,-1.2662694105273857
1726406909587375000,14.798375,3.1213277050596138,-0.8051832760909947,0.029790795187215044,3.05273326668315,0.5919991091766009,-0.018147453309597328,-1.2676997806592267
1726406909597372400,14.808372314453125,3.119448359459316,-0.8047581073907613,0.02991853151920858,3.050971802849389,0.5925768538336496,-0.01794251371101533,-1.269106280106708
1726406909607370200,14.818370361328125,3.1186925020231504,-0.8042907637917206,0.029912464077431006,3.0503595735539104,0.5932140643392233,-0.017853935237518905,-1.2706772616291655
1726406909617368300,14.828368408203126,3.1185482800949287,-0.8037894878466552,0.029783954687076293,3.050495923883099,0.5939014130114207,-0.017792501225524695,-1.2723799623514627
1726406909627366400,14.838366455078125,3.118339148097676,-0.8032329363822898,0.029658943914766405,3.050567095207234,0.5946620606966075,-0.017728312112022204,-1.274265374484449
1726406909637364200,14.8483642578125,3.1173456712200163,-0.8026122740170569,0.02956575667145122,3.0499674277474833,0.5955093236815314,-0.01755357230614259,-1.2763540789011023
1726406909647362300,14.8583623046875,3.1151917513260576,-0.8019743838771474,0.02942166718601789,3.0486261996722006,0.5963872683384354,-0.017136882062333242,-1.278494119716976
1726406909657359000,14.868359130859375,3.1120910058519766,-0.8013843410509255,0.02909187493817621,3.0470433801060155,0.5972164179813381,-0.016412000673302896,-1.2804845753159535
1726406909667357200,14.878357177734374,3.10887547359479,-0.8008600038301473,0.028609048181984464,3.045759181545274,0.5979657152414651,-0.015549961958909973,-1.2822670276422101
1726406909677355300,14.888355224609375,3.105900366085641,-0.8004001127956808,0.028171749165722383,3.044545566683804,0.5986219575079056,-0.014760093268675126,-1.2838259355225692
1726406909687353000,14.89835302734375,3.1031105906470713,-0.8000226900165665,0.02797345189936754,3.0428841963022304,0.599149760849218,-0.014172862832459554,-1.285079037565016
1726406909697351200,14.90835107421875,3.1007476150194186,-0.79971620086663,0.02807180678002109,3.040811413999569,0.5995611746421876,-0.01387445563814405,-1.286062771904
1726406909707349200,14.918349365234375,3.098288220059003,-0.7993927666865552,0.028469842101949163,3.0379114779283762,0.5999755742696867,-0.013787663942101992,-1.2870641304091328
1726406909717346300,14.92834619140625,3.095122411036562,-0.7989437401277399,0.02914454832301776,3.0337597274016903,0.6005404506237058,-0.013806978143795934,-1.2884374052520895
1726406909727344400,14.938344482421876,3.0917553515884024,-0.7983527332741283,0.029928664488743314,3.0291432914334155,0.6012851958441403,-0.013902760465745762,-1.2902616545989125
1726406909737342200,14.94834228515625,3.088328769128969,-0.7977063831290256,0.03067432542686866,3.0245527345322354,0.6021031917344826,-0.013977966407179219,-1.2922663467371744
1726406909747340300,14.95834033203125,3.0853131860933183,-0.797025265979193,0.03132748480041227,3.020481652361473,0.602968881102531,-0.014070323055450997,-1.29439761841628
1726406909757338400,14.96833837890625,3.0830324991433087,-0.7963597734040875,0.03189583563426335,3.017170104534955,0.6038139425459953,-0.01423023817202826,-1.296492616335403
1726406909767335200,14.978335205078125,3.081903322121943,-0.7957170208507512,0.03232252153037548,3.015082675230405,0.6046320689998067,-0.014481003842682348,-1.2985458464370092
1726406909777333200,14.988333251953126,3.081898027262761,-0.795127680654292,0.03255294080401035,3.0143496290363125,0.605387673548678,-0.014766337754011092,-1.300464628434816
1726406909787331300,14.998331298828125,3.081993796263485,-0.7946102995924627,0.03258965039961266,3.014196738868219,0.6060611423934831,-0.014909247227091686,-1.3021708944603856
1726406909797329200,15.0083291015625,3.081328350483556,-0.7942198270858848,0.032567253382402454,3.0136445174743955,0.6065751422175899,-0.01485641661135462,-1.3034513412697142
1726406909807327200,15.0183271484375,3.08046918968168,-0.7940103069844748,0.03263593852451496,3.0127622007469905,0.6068469884314099,-0.014806094158479825,-1.304119427526483
1726406909817325000,15.028324951171875,3.0799585515914094,-0.79400316584547,0.03300440712356505,3.0114466601630037,0.6068317039948757,-0.01500130886484666,-1.304084739251293
1726406909827322600,15.038322509765624,3.079986022587319,-0.7941524351149986,0.03375929742387517,3.0096145203355906,0.606580963793392,-0.015546899753624105,-1.3034874160438195
1726406909837320700,15.04832080078125,3.0809016748803506,-0.7944142413412505,0.03481675807665232,3.0077320368570226,0.6061545327174465,-0.016445664185965332,-1.3024880617711256
1726406909847318500,15.058318603515625,3.0825988047387822,-0.7947027770515808,0.03599480124032526,3.0061501048629595,0.6056760708318975,-0.017559851485907996,-1.3013898492319236
1726406909857316600,15.068316650390624,3.0846587518414483,-0.7949689697545246,0.037160227659288954,3.0048693686586514,0.6052211561225955,-0.01872957785939788,-1.3003661617773934
1726406909867314700,15.078314697265625,3.086578299797074,-0.7951795936096611,0.0382792947087019,3.0035825685749327,0.6048387666653646,-0.019851834177877968,-1.2995238916047331
1726406909877311700,15.088311767578125,3.0881725501561497,-0.7953206360536295,0.03936002168142373,3.0021260917610593,0.604548530736179,-0.020904064834926305,-1.2989076671798798
1726406909887309800,15.098309814453126,3.08957192440123,-0.7953683011309413,0.040320121973073365,3.0007988737984728,0.6043890251550126,-0.021851078830765494,-1.2986114481884439
1726406909897307600,15.1083076171875,3.091152112562536,-0.7952890858450039,0.04127262216714357,2.9995947315179285,0.604392164681038,-0.022847767310796574,-1.2987347405563257
1726406909907305700,15.1183056640625,3.093226428150754,-0.7951088407383308,0.04240237378195606,2.998296297374254,0.6045032803702148,-0.024080267484429985,-1.2991629051690248
1726406909917303800,15.1283037109375,3.0957069123658445,-0.7948629984978062,0.043899862581919274,2.996370138797104,0.6046541845303277,-0.025669107586509643,-1.299738557524296
1726406909927301600,15.138301513671875,3.0981982929530614,-0.794574038339071,0.0458400897775897,2.9933344477340356,0.604804993359075,-0.027599358978707685,-1.3003621845102777
1726406909937298700,15.148298583984374,3.100126632081506,-0.7942249794005058,0.04809105079777072,2.9890780703450957,0.6049902342372672,-0.02967933782487976,-1.301098058166423
1726406909947296500,15.158296630859375,3.1019658086026474,-0.7938288365747284,0.05045056186485513,2.984469573576479,0.6052082965616096,-0.031834930961344786,-1.3019417189501565
1726406909957294600,15.168294677734375,3.1041645410332235,-0.7934062550265331,0.05273175037754825,2.980323638904896,0.6054502441510953,-0.03399691787688547,-1.3028681791852892
1726406909967292700,15.178292724609374,3.107127879304287,-0.7929878426905252,0.054795303788578255,2.9773071415762136,0.6056921796883874,-0.03612125820549575,-1.3038147778201645
1726406909977290800,15.188290771484375,3.110875428928669,-0.7926315316603223,0.056566819005182185,2.9756385172872637,0.6058718692225433,-0.03814224702875698,-1.30461134840276
1726406909987288800,15.198288818359375,3.1154050614781443,-0.7924174254198233,0.05803435578437287,2.9753676364291826,0.6058911286936484,-0.04003377146453026,-1.3050015810530062
1726406909997286000,15.208285888671876,3.120259954838104,-0.7924044117683093,0.059108025068215456,2.9763832701370867,0.6056957609737044,-0.041642839948458764,-1.3048143181764147
1726406910007283700,15.21828369140625,3.1249311927419257,-0.7926167139154779,0.05963562621701655,2.9786787929386613,0.6052876153496136,-0.04277043438607648,-1.3040112850519392
1726406910017281800,15.22828173828125,3.1290742961450677,-0.7930212132796328,0.059534277869633744,2.982184769551647,0.6047291626092328,-0.043308121672454715,-1.3027219897369928
1726406910027279600,15.238279541015626,3.132413247407416,-0.7935540749780406,0.05876633455415847,2.9867666884732187,0.6041131095419786,-0.04319674271047892,-1.3011676298183978
1726406910037277700,15.248277587890625,3.1347897376688216,-0.7941212256621107,0.0574716758625972,2.991932238250899,0.6035392655775998,-0.042531635047124414,-1.299616061559051
1726406910047274800,15.258274658203124,3.136561748965751,-0.7946463067256146,0.05585957797135174,2.99741614044557,0.6030683170861546,-0.04154057122520506,-1.2982660193824533
1726406910057272600,15.2682724609375,3.138238842498639,-0.7951014721555687,0.05412206186430486,3.0031215437480667,0.6027004987434141,-0.040455515529236784,-1.2971621297814944
1726406910067270700,15.278270751953125,3.140025642576665,-0.795539060007738,0.05243434667560852,3.0087756708804694,0.6023397727783217,-0.039433331949287706,-1.2960901957278597
1726406910077268700,15.288268798828126,-3.141256579158594,-0.7960680891017542,0.05085931837603136,3.0142437909832167,0.6018354869030376,-0.03850770270285648,-1.2946783132655308
1726406910087266600,15.2982666015625,-3.1391048970195907,-0.7967131581818535,0.04945313055884979,3.019485950475189,0.6011471283298696,-0.03774246944647137,-1.2928342026577453
1726406910097264600,15.3082646484375,-3.13672032778847,-0.7975169150375886,0.04833687772042135,3.0241894488186247,0.6002038378743387,-0.03722324438895429,-1.2903931397257196
1726406910107261700,15.31826171875,-3.1346854424012536,-0.7984727615283018,0.04766663473260795,3.0275219158439315,0.5990011762170374,-0.036968358004431864,-1.2873472827875478
1726406910117259800,15.328259765625,-3.1337714943056203,-0.799594081029785,0.04752438891028604,3.0287063829021728,0.5975191610693089,-0.0368991027692068,-1.2836386897972631
1726406910127257900,15.3382578125,-3.1338810641303105,-0.8008872332627887,0.04781528987602528,3.028065682179221,0.5957583286919037,-0.036952250834221184,-1.279262837424885
1726406910137255700,15.348255615234375,-3.13385513737849,-0.8022964214014914,0.048349681630836944,3.026937553801692,0.593800838035804,-0.03719312959707244,-1.2744338453579946
1726406910147253800,15.358253662109375,-3.133292714793774,-0.8037893010555884,0.04920401516377787,3.0254256626935287,0.5916726029104322,-0.037752707815118705,-1.2692399299679757
1726406910157250600,15.36825048828125,-3.1321644450210138,-0.8053183160505331,0.05019925687229354,3.023986660500144,0.5894567514126415,-0.03851214433094579,-1.263871583814491
1726406910167248600,15.37824853515625,-3.1307433216051743,-0.8067513643210892,0.051151594326509495,3.022853887248135,0.5873591180865747,-0.03930505314898567,-1.258812692846502
1726406910177246700,15.388246826171875,-3.1298773521650847,-0.8079735576200128,0.051959502801013156,3.021645195527603,0.5855647879247979,-0.039911844126535534,-1.2544851224204048
1726406910187244500,15.39824462890625,-3.129218617005705,-0.8089615792008462,0.05239487050417884,3.0211745872960543,0.5841377703728515,-0.04023760429810241,-1.2510224178826013
1726406910197242600,15.40824267578125,-3.1282210515062285,-0.8096690120524188,0.05239459171844444,3.0219838876254705,0.583148938720393,-0.04035083789088699,-1.248604242406716
1726406910207240700,15.41824072265625,-3.1270096564578087,-0.8100452937874898,0.05200316816742892,3.0238655437310986,0.582666966825357,-0.04026639734760127,-1.247398912924926
1726406910217237800,15.42823779296875,-3.1257535957486864,-0.8101773205865643,0.051262974878849586,3.026606534911258,0.5825695695619189,-0.039970398723816546,-1.2471035011896592
1726406910227235800,15.43823583984375,-3.124330987723433,-0.8102289990052475,0.050028548529073465,3.030674086504798,0.5826462058238958,-0.03936340308632891,-1.2471820564986797
1726406910237233700,15.448233642578124,-3.122543568518003,-0.8102916869021011,0.04810748933998403,3.0366962277784078,0.5827892530848744,-0.03833625029539863,-1.247354441101973
1726406910247231700,15.458231689453125,-3.120328819812834,-0.8104408480035831,0.045694707741148505,3.0442452136161546,0.5828604544916821,-0.037032957084796134,-1.2473077744763341
1726406910257229800,15.468229736328125,-3.118324593964889,-0.8107162780185199,0.04317037596582047,3.0519255856485237,0.582759069251386,-0.03559952734469346,-1.2468235166778838
1726406910267226600,15.4782265625,-3.116609538645134,-0.8111346823453992,0.04070295374887704,3.059262227612136,0.5824414246338642,-0.03414368417271995,-1.2458140251471854
1726406910277224700,15.488224609375,-3.114956914301527,-0.8116562215605685,0.03842009300741958,3.0660969774636304,0.5819466411970969,-0.03280717626396683,-1.24439435524987
1726406910287222500,15.498222412109374,-3.1136909285578094,-0.8122317860526321,0.036462289911927334,3.0718471215143546,0.5813342389962054,-0.03163076908941956,-1.242716925742335
1726406910297220600,15.508220703125,-3.1129429605626293,-0.8128260217872282,0.034805403628158635,3.0764782851415315,0.5806615338905622,-0.030572032874281597,-1.2409179666677412
1726406910307218700,15.51821875,-3.112602473776467,-0.8133827051401876,0.03330967945362297,3.0804142187430497,0.580022132106088,-0.029553619753222956,-1.2392151287835858
1726406910317215700,15.5282158203125,-3.1125038392132454,-0.8138128125675386,0.03177580824266,3.0842634595561202,0.5795588951766014,-0.028467879331353522,-1.2379435991701253
1726406910327213800,15.5382138671875,-3.1125888081268145,-0.8140438243863469,0.030168411920242097,3.0881557651657947,0.5793765680922297,-0.0273014512089809,-1.2373596179651556
1726406910337211600,15.548211669921875,-3.1130183612420925,-0.8140685397531464,0.028575666466271927,3.0917626772691142,0.5794788073806533,-0.026082388954875347,-1.237477144544346
1726406910347209700,15.558209716796876,-3.113973053379374,-0.8139194124957294,0.027179626184459033,3.0945107127930966,0.5798072404282828,-0.024901368463508218,-1.2381648483581926
1726406910357207800,15.568207763671875,-3.1153189765216616,-0.8136623415202122,0.026110492426696774,3.0961758298965147,0.5802599838864708,-0.023876397142940486,-1.2391827483426414
1726406910367205600,15.57820556640625,-3.116763766820489,-0.8133447783956897,0.02538730747325172,3.0969188650898887,0.5807692855280312,-0.02307951375213677,-1.2403671513570413
1726406910377202700,15.58820263671875,-3.1178544112530795,-0.8130107779439084,0.024963838046130678,3.0971766256253654,0.5812754327389666,-0.022567864627978444,-1.2415711778198102
1726406910387200800,15.59820068359375,-3.1186244291303202,-0.8127372577289338,0.02477885974210796,3.097076822381989,0.5816763812669914,-0.02228935842773803,-1.24253631988089
1726406910397198600,15.608198486328124,-3.119688752550979,-0.8126246375661714,0.02471402945159819,3.09647253672912,0.5818461851470391,-0.022035007029398587,-1.2429382193703078
1726406910407196700,15.61819677734375,-3.121243637245281,-0.8127179097055488,0.02461906235586948,3.0955948246884186,0.5817340932917165,-0.02165666904228854,-1.2426387638860685
1726406910417194800,15.62819482421875,-3.123151196634632,-0.8130246650396578,0.024466429210472047,3.0946128030136775,0.581330027883398,-0.021160107779729296,-1.2416131907978472
1726406910427191800,15.63819189453125,-3.125205327533931,-0.8134878376534911,0.024317529762019754,3.0935243719186327,0.5807069421469716,-0.02062986129912381,-1.240047431274185
1726406910437190000,15.64818994140625,-3.1275466598724697,-0.8139770181614885,0.024294302547676054,3.0919279736218246,0.5800396979570734,-0.02012759238839062,-1.2383780097183905
1726406910447187700,15.658187744140625,-3.130313139442958,-0.8143787112043405,0.02453791821196818,3.089376102466509,0.5794790525410303,-0.019729198511076133,-1.2369807070786292
1726406910457185800,15.668185791015626,-3.135251741015024,-0.8145952910330686,0.025385158071477332,3.08379551684188,0.579151758359391,-0.01932630061383163,-1.2361599420978648
1726406910467183900,15.678183837890625,-3.1397406018116474,-0.8147564305282593,0.02639602612576977,3.0781363197373297,0.5788862062408258,-0.019128421231745203,-1.2354984856854954
1726406910477180700,15.6881806640625,3.1393113827603822,-0.8149227499065642,0.027409968205819306,3.0727282243878737,0.5786092802066553,-0.019000074457204138,-1.2348092050525856
1726406910487178800,15.6981787109375,3.1355442888229796,-0.8151427611094537,0.028470826855308586,3.067475951503126,0.5782489911029692,-0.01897043369099615,-1.2339181761835853
1726406910497176600,15.708176513671875,3.1316589987104884,-0.8154651027049877,0.02972201528038236,3.0616923697612584,0.5777291701788411,-0.019036446935281236,-1.2326389546347638
1726406910507174700,15.718174560546874,3.1277320154312322,-0.8158654023732304,0.031165751167863052,3.0554285682270375,0.5770816487225279,-0.019213643147939653,-1.231050859371399
1726406910517172700,15.7281728515625,3.1241520486251013,-0.8163006319500631,0.03269476941171579,3.0492197131744283,0.5763713559385981,-0.019507766272424325,-1.2293167320536167
1726406910527169800,15.738169677734374,3.1210776277039867,-0.8167225179634016,0.034045698011359204,3.043813792584727,0.5756858443693915,-0.019772470596628976,-1.2276404246495367
1726406910537168000,15.74816796875,3.118638386152367,-0.8171271674770908,0.035028087406757516,3.039762865140977,0.5750477516424546,-0.01990463772298193,-1.2260722222271485
1726406910547165700,15.758165771484375,3.116562233622072,-0.8175182503784778,0.0355951024460764,3.036985998694754,0.5744597747360046,-0.019818310941428052,-1.2246099729667255
1726406910557163800,15.768163818359374,3.114179576549886,-0.8178532595947976,0.03580186178524364,3.0348683281727102,0.5739836270191708,-0.019421268127836084,-1.2233914059721493
1726406910567161900,15.778161865234376,3.1112138432275254,-0.8180856154599776,0.035779800178329636,3.0328854104816303,0.5736759292869518,-0.01875535209700894,-1.222554624481215
1726406910577159700,15.78815966796875,3.1078793143691565,-0.8181978552201361,0.035624486993874195,3.0309493047586407,0.573551723487673,-0.017935600489719553,-1.2221483887431284
1726406910587156700,15.79815673828125,3.104483692119161,-0.8182452325070966,0.03551477976406578,3.028848197949923,0.573515058604888,-0.017143562577955733,-1.2219556903054287
1726406910597154600,15.808154541015625,3.101763745495901,-0.8182882887984702,0.03556683638741268,3.026826246419189,0.5734662796559,-0.01660488697799459,-1.221759794965176
1726406910607152600,15.818152587890625,3.0997546112683763,-0.8183657748218092,0.03577175103832499,3.024937773801274,0.5733512162911937,-0.01631447020399721,-1.2214282754370245
1726406910617150700,15.828150634765626,3.098207848566045,-0.8184980100911378,0.03607940294191986,3.0231358438382463,0.5731470283678065,-0.01618194867498848,-1.2208965501864175
1726406910627148500,15.8381484375,3.0967574762842007,-0.8187446596669468,0.03648541248617446,3.0211891981114176,0.5727707373889239,-0.016116844773364076,-1.2199495679356247
1726406910637145900,15.848145751953124,3.0959014417306205,-0.8190454479966253,0.03683920262721678,3.0197993152889584,0.5723174793006631,-0.016129205812596952,-1.2188293574993199
1726406910647144000,15.85814404296875,3.0960706394195814,-0.8193376880260144,0.03714952201623013,3.0192296363187108,0.5718732588009658,-0.016327809304299626,-1.2177615432137159
1726406910657141800,15.868141845703125,3.0972876806556124,-0.8195866387141121,0.03755847617680181,3.019140217080023,0.5714754549501295,-0.01682320738807357,-1.216846502123848
1726406910667139800,15.878139892578124,3.0992263020163255,-0.8198111445718708,0.0381265001435811,3.0191597680704083,0.5710926006831578,-0.017585679811223744,-1.2159995793844836
1726406910677137700,15.8881376953125,3.1017519759256515,-0.820024361359586,0.03867877091774844,3.0196215845696885,0.5707214135427267,-0.018464580557022395,-1.2152007330340169
1726406910687134700,15.898134765625,3.10486434262282,-0.8202180929921911,0.03898217649782917,3.0210889348406256,0.5703947209070183,-0.019301495636931093,-1.2145167968085278
1726406910697132800,15.9081328125,3.1084507533964367,-0.820364905132504,0.03895866886948936,3.023666897106118,0.5701603232870832,-0.020023729628016358,-1.2140533838922971
1726406910707130600,15.918130615234375,3.1124504321751725,-0.8204799757249434,0.03865861759509858,3.0271947011508953,0.569992713265979,-0.020650194082897488,-1.2137459610267491
1726406910717128700,15.928128662109375,3.115942420629089,-0.820551349005193,0.03829080346070922,3.0305249994571577,0.5698972959568985,-0.021129613326966893,-1.2135923462816762
1726406910727126800,15.938126708984376,3.1189861737994944,-0.8205815143366157,0.038015736578534326,3.033310934162559,0.5698551304872607,-0.021583710986183117,-1.2135582671255587
1726406910737123800,15.948123779296875,3.1215647452462516,-0.8205715692989799,0.037833953329345395,3.0355406519048604,0.5698652758014684,-0.02200847453279985,-1.2136429502278134
1726406910747122000,15.958121826171874,3.1241381388704093,-0.820579755902317,0.03800591032519208,3.0369103703718032,0.569815962857182,-0.022673106747518462,-1.213604306279745
1726406910757119700,15.96811962890625,3.126964154472797,-0.8206408036477377,0.03868439137149496,3.037232447391528,0.5696391763784743,-0.02373357294730305,-1.2132962038181323
1726406910767117800,15.978117919921875,3.1297139415590145,-0.8207113635563522,0.03982854934985769,3.0363706888046256,0.569400239761299,-0.025097362041964857,-1.2128710414513215
1726406910777116000,15.988115966796874,3.132533712539142,-0.8206796050708255,0.04122258521191232,3.0349346412392655,0.5692757841470939,-0.02666048943842425,-1.212752323133917
1726406910787112700,15.99811279296875,3.1356646997896247,-0.8204843583755633,0.04259687668570723,3.033739080495069,0.5693771210497434,-0.02829576079679384,-1.2131994125650747
1726406910797110800,16.00811083984375,3.1381775905411615,-0.8201399972563528,0.04385449556631651,3.032378362010721,0.5697041409131282,-0.029736357889832078,-1.214177154007092
1726406910807108600,16.018108642578124,3.140035681532529,-0.8196028666274762,0.04485673260393674,3.0311586352618067,0.5703377154960407,-0.030884402935916676,-1.2158685772695996
1726406910817106700,16.028106689453125,3.1415700121749714,-0.8188502482965987,0.04569322333274205,3.0300891414992694,0.5712972170749977,-0.03187457461699954,-1.2183371885380452
1726406910827104800,16.038104736328126,-3.1400995253593567,-0.8179368429265845,0.046520784870131525,3.0290086332352275,0.5724810404953821,-0.0328727929305559,-1.2213581310850403
1726406910837102800,16.048102783203124,-3.138290141479357,-0.816906912001424,0.04748882986260335,3.027778248739998,0.5738022495738196,-0.034042164375840865,-1.224744750397793
1726406910847100000,16.058099853515625,-3.136658916169963,-0.8158001622913938,0.04881148712740209,3.0255487507389853,0.5751802237916384,-0.03543005525690842,-1.228311288401907
1726406910857098000,16.068097900390626,-3.135159807664883,-0.8146724048609321,0.05052994991435945,3.022254661233737,0.5765252627269578,-0.03707162762892055,-1.2318481080336636
1726406910867096000,16.078095947265624,-3.1337179584735546,-0.8135907230648136,0.05261586954319194,3.018023076525006,0.5777405193957801,-0.038957297033017826,-1.2351213955355842
1726406910877094000,16.088093994140625,-3.132421752884891,-0.8126332135935026,0.05500934132132485,3.0129460095784166,0.57872171542252,-0.04101931314196235,-1.237869471042341
1726406910887092000,16.098092041015626,-3.1314848072608705,-0.8118370885403426,0.05747304741699329,3.0074571054392574,0.579452091677233,-0.04304345341882495,-1.240015627199462
1726406910897089000,16.108089111328123,-3.1309264416017752,-0.8111793500662068,0.05990759338505694,3.0017835170407614,0.5799809057524771,-0.04495799189779839,-1.2416657564604374
1726406910907086800,16.1180869140625,-3.1305937586664787,-0.8106436464590681,0.06237394687705174,2.9958838940451638,0.5803212408295105,-0.046837090285440586,-1.2428638326089858
1726406910917085000,16.1280849609375,-3.130246193441247,-0.8101827198489269,0.06504334483910831,2.9895039709189257,0.5805055077233539,-0.04885397003391693,-1.2437219258548624
1726406910927082800,16.138082763671875,-3.1296401261263744,-0.8096958902630811,0.06817665802914807,2.9821621142046735,0.5806183410883773,-0.05125401767294263,-1.2445038145655238
1726406910937080800,16.148080810546876,-3.128266026611461,-0.8090712559151673,0.07186694253634558,2.9739747079902172,0.5807745891438779,-0.05421981941164015,-1.245541345294855
1726406910947078000,16.158077880859373,-3.1256888686987483,-0.8082736880539065,0.07603021097260967,2.9654523892981297,0.5810113576661105,-0.05778329137881286,-1.2469514572315394
1726406910957075700,16.16807568359375,-3.122012887430281,-0.8073142334410185,0.08037699328200833,2.9572331024695813,0.5813554769041853,-0.061718034633251456,-1.2487651575634442
1726406910967073800,16.17807373046875,-3.1175199315619944,-0.8062228441940666,0.08451288014496826,2.9500911830728045,0.5818486798485817,-0.06568552502839374,-1.2510078689284392
1726406910977072000,16.188072021484373,-3.1124638157603868,-0.8050262969347803,0.08822350054996833,2.94438040582698,0.5825135094926917,-0.0694789922252982,-1.25367412972486
1726406910987070000,16.198070068359375,-3.1072903412063395,-0.8037241167237541,0.09146383307956447,2.939895127600682,0.5833832326888898,-0.07297864547392192,-1.256804227316907
1726406910997067000,16.20806689453125,-3.102205040147483,-0.8023771357541594,0.09425233004529714,2.9364576725212332,0.5843880558257213,-0.07614529519979164,-1.2602048617356658
1726406911007064800,16.21806494140625,-3.0968782085777598,-0.8012144620323753,0.09643402297300116,2.9347387887007064,0.5852627162866064,-0.07888842441556264,-1.2631764901483962
1726406911017063000,16.22806298828125,-3.0915381839163723,-0.8003599559662731,0.09788492797691536,2.9349047595846702,0.5858948468493979,-0.08105429647682914,-1.2653789550201842
1726406911027061000,16.23806103515625,-3.0867783963897093,-0.7998629028564973,0.09854634137735824,2.93667248371129,0.5862629521514664,-0.08248486199081466,-1.2666973492090494
1726406911037058800,16.248058837890625,-3.083112090233208,-0.7997437068013767,0.09829754019550586,2.9399620127372392,0.5863945556829462,-0.08300092935896025,-1.267135646767264
1726406911047056000,16.258055908203126,-3.080865576959467,-0.7999838586634029,0.09713314446184532,2.9445364364997704,0.5863250032024214,-0.08254658316209366,-1.2667640125762791
1726406911057053700,16.2680537109375,-3.0799200486008935,-0.8005103698821752,0.09511641646690985,2.950309255263452,0.5861245501761274,-0.08120357642840069,-1.2657903151859855
1726406911067051800,16.2780517578125,-3.0801482972924203,-0.8012607580808627,0.09240160998915682,2.956977538609595,0.5858188820459902,-0.07911673711343915,-1.2643392528607345
1726406911077049900,16.2880498046875,-3.0813546810976025,-0.8021618426014305,0.08919369996206385,2.9641633593527663,0.5854328688018167,-0.0764797709142143,-1.2625492307403416
1726406911087048000,16.2980478515625,-3.0830648696096192,-0.8031726868661232,0.08546345902575607,2.972279020485988,0.5850016449108082,-0.07336595687108066,-1.2605385552990642
1726406911097045000,16.308044921875,-3.0850790806069313,-0.8042468567494382,0.08125453305436008,2.9813540381054096,0.5845559446537731,-0.06985057986274486,-1.2584198437699434
1726406911107042800,16.318042724609374,-3.0879109438788035,-0.8053667253381624,0.07632426603849993,2.991611002914245,0.5841636632313412,-0.06566510476250208,-1.2563107661740622
1726406911117041000,16.328041015625,-3.0897474746701885,-0.806483431519136,0.07100698680451666,3.003530551490186,0.5837573664100136,-0.06139965380977142,-1.2542009556879337
1726406911127039000,16.3380390625,-3.090596366757568,-0.8076006245902165,0.0654912482383214,3.0166341213055645,0.5832849778239948,-0.057192015739173284,-1.2520013148939981
1726406911137035800,16.348035888671873,-3.0909265439454323,-0.8087056974744293,0.060134884150034054,3.029692425121982,0.582706871758628,-0.053213300386295494,-1.2496578795937012
1726406911147033900,16.358033935546874,-3.091144740727857,-0.8097982743248747,0.055183377745090675,3.041805129006407,0.5820010096958338,-0.04956252190313351,-1.2471335978649518
1726406911157032000,16.368031982421876,-3.0915088858279502,-0.8109107700404076,0.05074660695341196,3.0525186860055302,0.5811264331937515,-0.046266370700821555,-1.2443224937897133
1726406911167029800,16.37802978515625,-3.0922708263478023,-0.8121037524768411,0.04694050966361891,3.0613719604086533,0.5800039919828865,-0.04335441297063504,-1.2410267738331993
1726406911177027800,16.38802783203125,-3.093803503769495,-0.8134095221834691,0.04372396805935328,3.068206645172031,0.5786149363145087,-0.04071880113932639,-1.2371746814250901
1726406911187025000,16.39802490234375,-3.095712831989343,-0.8148057929735705,0.04096848190385601,3.0736280211447693,0.5770120621526694,-0.038342560638387944,-1.2328791498320821
1726406911197023000,16.40802294921875,-3.0974350792376497,-0.8162639890724595,0.03840512764204127,3.078700509511232,0.5752665122479503,-0.03614756918784452,-1.228287922942194
1726406911207021000,16.41802099609375,-3.0987975947403625,-0.8177449353751569,0.035966841360492455,3.0837091477401843,0.5734416129485336,-0.03412372695791288,-1.223547696605439
1726406911217019000,16.428018798828123,-3.100003071430013,-0.8191918488361981,0.033777659371998225,3.088207697785602,0.5716112767871242,-0.03231748939565076,-1.2188449895903402
1726406911227017000,16.438016845703125,-3.101601252159538,-0.8205194343360824,0.03194322171303028,3.091559680886768,0.569899954040045,-0.030684904335661997,-1.2144805479453598
1726406911237013800,16.448013671875,-3.1034884180892606,-0.8216014033129762,0.030517256738630538,3.0937157404087383,0.5684913703718291,-0.029280465676270285,-1.2109011195159929
1726406911247011800,16.45801171875,-3.1054557845215323,-0.8224601484234781,0.02956732367728833,3.094661448725353,0.5673537518421834,-0.02819045862586666,-1.2080299900235971
1726406911257010000,16.468010009765624,-3.1070112318661605,-0.8231057347045305,0.02922134548990816,3.0944275260415757,0.5664636226463657,-0.027606569327514367,-1.2058202907229785
1726406911267007700,16.4780078125,-3.1084339052301972,-0.8235602757846161,0.029496127845454308,3.0927810733417034,0.5657944353410621,-0.027478704130235534,-1.2041997479771356
1726406911277005800,16.488005859375,-3.1100538303515455,-0.8238762829028972,0.030042534557387913,3.0903433976934727,0.5653048187133712,-0.027494173267648504,-1.203034742279034
1726406911287003000,16.4980029296875,-3.1120576232042527,-0.82408894148955,0.03044373628195553,3.0879973364935935,0.5649812972131746,-0.02732648372996479,-1.202254130064431
1726406911297001000,16.5080009765625,-3.114138787816839,-0.8242418271428793,0.030619644597217936,3.086146461511091,0.5647650187688718,-0.02698772753247971,-1.2017134828130256
1726406911306999000,16.5179990234375,-3.115940312703627,-0.8243281910122364,0.030723687661562714,3.084661589736867,0.5646486784021751,-0.02666213575136905,-1.20141244230095
1726406911316996900,16.527996826171876,-3.1173540504657384,-0.8243119278268026,0.030902026377197928,3.083260141713216,0.5646714811943075,-0.026475519668114116,-1.2014600946954481
1726406911326995000,16.537994873046873,-3.118489579364176,-0.8241755037506862,0.031322158426731,3.0814589611511525,0.5648453584127076,-0.02652003279915396,-1.2018968440499744
1726406911336991700,16.54799169921875,-3.1192085059965016,-0.8238643772414977,0.03212167056281221,3.0790158192375965,0.565235126449295,-0.026923469460985724,-1.202893943566675
1726406911346989800,16.55798974609375,-3.1193409732884954,-0.8233146489271234,0.03329524271678352,3.076055696984085,0.5659291962794515,-0.02772387177082055,-1.2046717151085646
1726406911356988000,16.56798779296875,-3.1190686362497964,-0.8225330458227703,0.034780696582284255,3.072602639284251,0.5669198224923739,-0.02884096296577683,-1.2072081919038427
1726406911366985700,16.57798583984375,-3.1183057068428064,-0.8215394723795252,0.036346386992177585,3.069277939568408,0.5681934218790619,-0.030134646606034973,-1.2104569585413443
1726406911376983800,16.58798388671875,-3.1172513444546825,-0.8203858024249843,0.037801834836618975,3.066410867976631,0.5696932751342441,-0.03142779847116497,-1.2142635416388574
1726406911386981000,16.597981201171876,-3.11571379468795,-0.8191033754140925,0.03902444569468455,3.06443842698231,0.5713837211894467,-0.0326720943944871,-1.218534369288553
1726406911396979000,16.60797900390625,-3.113834968904866,-0.8176819208690322,0.04006913195254729,3.0631335303649467,0.5732744188306804,-0.033871896106470255,-1.2232953576631633
1726406911406977000,16.61797705078125,-3.1118923836593106,-0.8161259201961005,0.04091072258865157,3.062368642318941,0.575363693780889,-0.034947781898948704,-1.2285343851622768
1726406911416974800,16.627974853515624,-3.109891625640165,-0.8143686191232317,0.04147419258201267,3.0623255924658186,0.5777531373911166,-0.03584570210261169,-1.2344941470264519
1726406911426973000,16.637972900390626,-3.108073636302601,-0.8123119147414187,0.041693208886564415,3.06299850213141,0.5805867015401122,-0.036469802970941684,-1.2415183906041167
1726406911436970000,16.647969970703127,-3.1067083707113925,-0.8099282093528275,0.04150544924946621,3.064352381935813,0.5839053479462312,-0.03671802146810391,-1.2497026672403078
1726406911446967800,16.6579677734375,-3.105947966816077,-0.8072666161301804,0.04100101411248853,3.0660589177418376,0.5876212004695072,-0.03661970762599742,-1.2588461675947769
1726406911456966000,16.6679658203125,-3.10560408498899,-0.8045413902892701,0.04040940836942262,3.067690551945831,0.5914030583885117,-0.036368510515743066,-1.2681655541410934
1726406911466964000,16.6779638671875,-3.105939645074089,-0.80203246103643,0.03987914392688004,3.0686843466609437,0.5948580453700714,-0.03601952629050327,-1.2766975662515334
1726406911476961000,16.6879609375,-3.106909691431402,-0.7999811019086016,0.039437393435069724,3.0689991318752905,0.5976683115486631,-0.03560203870218241,-1.283645851992063
1726406911486959000,16.697958984375,-3.1084550789369816,-0.798499149479349,0.03901567080263617,3.0688452237203476,0.59970540571646,-0.03507805802860026,-1.2886702047207605
1726406911496957000,16.70795703125,-3.1106674686078777,-0.7976864096398901,0.0383624361431515,3.0687859109083497,0.6008762708411635,-0.03424047620178293,-1.2914967425751434
1726406911506955000,16.717955078125,-3.1138696182227337,-0.7975880745071706,0.03725595235570614,3.069140764258002,0.6011532516988669,-0.03286206927155483,-1.2920238400245803
1726406911516953000,16.727953125,-3.1179537843066343,-0.798159920789637,0.03572341704165449,3.0699300845059514,0.6005872590846542,-0.030978417574930507,-1.2903885541445073
1726406911526950000,16.737949951171874,-3.1226273912472693,-0.7992669941117501,0.0337982666503545,3.0712941806569276,0.5993399508179806,-0.02866568829239102,-1.2870128714811044
1726406911536948000,16.747947998046875,-3.127868594104282,-0.8006962452441005,0.03161593727774467,3.072908166185137,0.5976688490112584,-0.026035297442595737,-1.2825668813001836
1726406911546945800,16.75794580078125,-3.1340985947881936,-0.8021984111167328,0.029467531535742154,3.0737258110973484,0.5958770487180344,-0.023237540197797828,-1.2778345573722045
1726406911556944000,16.76794384765625,-3.1411947325443466,-0.8035861326681825,0.0275934503920063,3.073238078405993,0.594195782118604,-0.020475978128173537,-1.2734078451190136
1726406911566942000,16.77794189453125,3.1346726556087727,-0.8047307425059679,0.026350086858595405,3.071031077622755,0.5927775497521173,-0.0181347433112805,-1.2696878993907845
1726406911576938800,16.787938720703124,3.1255523424160057,-0.8055786594511628,0.025269795089661255,3.0670957749697245,0.5917446128563225,-0.015583208605265172,-1.2669114819785101
1726406911586936800,16.797936767578125,3.1173621408655943,-0.806084166935915,0.024964721052137012,3.061908105757656,0.5911132648266859,-0.013785307806952939,-1.2651822843914986
1726406911596935000,16.807934814453127,3.110539095492198,-0.8063362433608926,0.025273380678451023,3.0561828153712502,0.590780497113698,-0.012706998707330936,-1.2642377061256023
1726406911606933000,16.81793310546875,3.104663749712271,-0.8064424591144616,0.02609121809191894,3.0498758655444393,0.5906107959758525,-0.01218913859567115,-1.263726332581986
1726406911616930000,16.827929931640625,3.0992412066349257,-0.8064490438612079,0.027343621586790687,3.042811504500777,0.5905475270766002,-0.012082905961334028,-1.263496333400117
1726406911626927900,16.837927978515626,3.094279056215539,-0.8063501072980478,0.02891413047580462,3.0352775893919124,0.5906031713552975,-0.012308994224472736,-1.26357539137155
1726406911636926000,16.847926025390624,3.0898744880298428,-0.8061149604313091,0.030601835363885322,3.027830163942946,0.5908295694959591,-0.01274829729268428,-1.2640906184524279
1726406911646923800,16.857923828125,3.086655999587748,-0.8057409366296457,0.032218610107786046,3.0213882835205155,0.5912396964002178,-0.0133864588407912,-1.2650901002205615
1726406911656921900,16.867921875,3.084335740824617,-0.8052200113604073,0.03365937249097091,3.0159956402453627,0.5918523267734461,-0.014097268374207472,-1.2666123627926502
1726406911666919000,16.8779189453125,3.082834533540694,-0.8045827386513886,0.03499717559064695,3.0114200364336106,0.5926207928977011,-0.01491433706422049,-1.2685452832942106
1726406911676916700,16.887916748046877,3.0820130890680413,-0.8039259167528793,0.03630662383638868,3.0074011437254833,0.593408614598893,-0.015846487144276323,-1.2705504338015297
1726406911686914800,16.897914794921874,3.081472333630931,-0.8033345247472373,0.03747250471385291,3.0039558126642887,0.5941128152938014,-0.016717270177623304,-1.272353640694855
1726406911696913000,16.907912841796875,3.081234681386205,-0.8028794875184286,0.038377533820079635,3.001413445804651,0.5946494481408827,-0.017428346598179597,-1.2737370570867288
1726406911706911000,16.917910888671877,3.0815244863303044,-0.8025374092606047,0.038886048703260026,3.0002730148071324,0.5950633271489157,-0.017923775236891554,-1.2748107507145436
1726406911716908000,16.927907958984374,3.082230250601521,-0.8022564023995007,0.03894123675159585,3.0005811147783374,0.5954315572879927,-0.018150478193957733,-1.2757585629597878
1726406911726905900,16.93790576171875,3.0831181969849184,-0.8020171203503142,0.038520773580784706,3.0022164992434233,0.5957840717840888,-0.018052303117005217,-1.27664599239503
1726406911736904000,16.947904052734376,3.083787326686136,-0.8017938909158236,0.03764435987183901,3.004827363339549,0.5961549082404625,-0.017575346512306987,-1.2775479893155361
1726406911746902000,16.957902099609374,3.0843262227851707,-0.8015468851164551,0.036433766965566904,3.008167441219103,0.5965834642673221,-0.016831928115145504,-1.2785729780534874
1726406911756898800,16.96789892578125,3.0846360945501465,-0.8012727707710308,0.03505305684194828,3.0117563073356535,0.5970591712601222,-0.01592457903289929,-1.279703904766509
1726406911766897000,16.97789697265625,3.0846980997965137,-0.8009563513003347,0.033598796901061684,3.0153364983932756,0.5975930408766067,-0.014923489334706294,-1.280974137533065
1726406911776894700,16.987894775390625,3.0848941338501876,-0.8005751211090043,0.03214787551840824,3.018996099520688,0.5982065852572416,-0.013957282112399843,-1.2824520262970418
1726406911786892800,16.997892822265626,3.0853686348512035,-0.8001181678697874,0.030708214342963863,3.022822158596285,0.5989134679654021,-0.013058294650198591,-1.2841769235390306
1726406911796891000,17.007890869140624,3.0859617138610287,-0.7995749281936556,0.02938392099349443,3.0264352489009374,0.5997216017397097,-0.012275995793372903,-1.2861682208459373
1726406911806888000,17.017887939453125,3.0865002677843267,-0.7989487672358737,0.028255812286892185,3.0295055714008314,0.6006220661957672,-0.01163902475493084,-1.288399346132055
1726406911816886000,17.027885986328126,3.0869785455516063,-0.798272092563742,0.02736691507413339,3.0319283606398493,0.6015711133637216,-0.011173623368003305,-1.290763761453324
1726406911826884000,17.037884033203124,3.087915660383272,-0.7975741701433652,0.026948684228476075,3.0335215589856857,0.6025157241585735,-0.011139031888579646,-1.2931466993652219
1726406911836882000,17.0478818359375,3.088150183210961,-0.7968625903701492,0.026794887123247384,3.033923922234434,0.6034626575495071,-0.011181642876152496,-1.2955300420128515
1726406911846880000,17.0578798828125,3.0883849637475445,-0.7961405865474189,0.027064708113707033,3.033264573348226,0.6043959220727034,-0.011544131464151819,-1.2978955894947535
1726406911856877000,17.067876953125,3.0878061996540827,-0.7953922885731483,0.02792221843074421,3.030507441986371,0.605328142171622,-0.012218534059513803,-1.3002648917094497
1726406911866875000,17.077875,3.0879433698865957,-0.7947684710045001,0.029118512904761865,3.0274687683968344,0.6060688424765434,-0.01325191863364518,-1.3021857425712329
1726406911876873000,17.087873046875,3.087961311436095,-0.7941817471052307,0.03067221003340737,3.0234473100442494,0.6067316892729482,-0.014532731260246883,-1.3039298327925528
1726406911886870800,17.097870849609375,3.0883058685736056,-0.7936127598881846,0.03251450433169938,3.0189505191835178,0.6073407954115607,-0.016086796564916146,-1.3055689281311145
1726406911896868000,17.1078681640625,3.0888164674165504,-0.7930680093350607,0.034481818035317496,3.0142685540589382,0.6078970227277396,-0.017761916807228616,-1.3070967964839866
1726406911906866200,17.1178662109375,3.089171904748046,-0.7925994011073156,0.036461725186332596,3.009451306404307,0.6083420584524508,-0.019409828957777542,-1.3083513492786436
1726406911916864000,17.127864013671875,3.0896821884246473,-0.7922381694300067,0.03827776455807933,3.0051887828325996,0.6086501038018813,-0.020940369810533186,-1.3092635238762877
1726406911926862000,17.137862060546876,3.091028854317471,-0.7919796095241982,0.039844050094534754,3.0022207928756375,0.6088341914328322,-0.022398648047417084,-1.3098778037861998
1726406911936860200,17.147860107421874,3.093029862683955,-0.7918026245833449,0.04110456280827847,3.000544705522724,0.6089307829572428,-0.023715194069364804,-1.3102740907910237
1726406911946857000,17.15785693359375,3.0952517645699698,-0.7916358072954276,0.04209940081076472,2.9997090759328735,0.6090337866828448,-0.024863402855014316,-1.3106773143528843
1726406911956855000,17.16785498046875,3.097427557354175,-0.7914272948955462,0.042952003225217375,2.999185885517124,0.6092018976178845,-0.025903456213974788,-1.311237224484652
1726406911966852900,17.177852783203125,3.099141301408161,-0.7911623125654826,0.043583919365244805,2.9988490609324123,0.6094662125314524,-0.02671107396258828,-1.3120118161837757
1726406911976851000,17.187850830078126,3.100139083790868,-0.7908510226821597,0.04392809049672612,2.99867428269245,0.6098241157100346,-0.027192521235371095,-1.312980112473055
1726406911986848000,17.197847900390624,3.10087276595761,-0.7905041394683305,0.04394296774928729,2.9991165368340624,0.6102639423143478,-0.027387003390210565,-1.3141207366104382
1726406911996846000,17.20784619140625,3.1012246974567206,-0.7901401143539553,0.04380392405176887,2.9996486377790266,0.6107444502422286,-0.027405487926206437,-1.315340897281207
1726406912006844200,17.21784423828125,3.1008041997954088,-0.7898153265798332,0.04380397914923192,2.9992437717522558,0.6111646650571211,-0.02739929978921375,-1.3163977851689799
1726406912016842000,17.227842041015624,3.0996104699314846,-0.7896174089613054,0.043939517826829,2.997930208373079,0.6114128288158387,-0.027350483279105733,-1.3170069533233797
1726406912026840000,17.237840087890625,3.0980375478851157,-0.7895738318431651,0.04417415801686285,2.996111464033533,0.6114548630651481,-0.027288375914883204,-1.3170883725931326
1726406912036836900,17.2478369140625,3.0962992749242124,-0.7896583539266179,0.04460861351622135,2.9936948230406877,0.6113124318923752,-0.02732740467922536,-1.3167125901027334
1726406912046835000,17.2578349609375,3.094552625908943,-0.7898770045081412,0.04530328420312752,2.990654017433001,0.6109695685167643,-0.027535277839447543,-1.3158486882015252
1726406912056833000,17.2678330078125,3.092777301556576,-0.7901766392807769,0.04621770918726728,2.987064171375309,0.6104975678404471,-0.027886176035501992,-1.3146736791354383
1726406912066830800,17.277830810546874,3.090810211472918,-0.7904955240652503,0.04729509792371347,2.982927816496813,0.6099817629984295,-0.028321638172559182,-1.313394502939122
1726406912076828000,17.287827880859375,3.0887057299703797,-0.7908128840577442,0.04838640680862573,2.9786572958767064,0.6094650982906036,-0.02874064460471132,-1.3121105991331732
1726406912086826000,17.297825927734376,3.085479712528372,-0.7911196495498118,0.04959468227528253,2.973235517148814,0.6089545071382856,-0.02906307287734295,-1.3108139177935283
1726406912096823800,17.30782373046875,3.0822310410636535,-0.7914066202554448,0.05102008631939311,2.967255501116644,0.6084403983394396,-0.029542759893110282,-1.3095238502898707
1726406912106822000,17.31782177734375,3.0802264767290817,-0.7916938083658184,0.05253586148475615,2.96201307541267,0.6079010820980238,-0.03028606981691522,-1.308223108866375
1726406912116819000,17.32781884765625,3.0805320111782395,-0.7919862592778859,0.05407575775022577,2.9584878271701,0.6073272251512232,-0.031419411189373296,-1.3069257486864005
1726406912126817000,17.337817138671873,3.083352170907366,-0.7922902010921985,0.05566212875420078,2.956775407701947,0.6067035017992038,-0.0329962981002888,-1.3056103199675906
1726406912136815000,17.347815185546875,3.0885452614832447,-0.7925901601074827,0.05731645012944451,2.9567015634430835,0.6060440785194601,-0.03501790144526491,-1.304314548543979
1726406912146813000,17.35781298828125,3.095027366123486,-0.7928719846869465,0.05909849807219331,2.9572794734680787,0.60536421594893,-0.03735608358627563,-1.3030441705450007
1726406912156811000,17.36781103515625,3.1021839234622437,-0.7931005891197632,0.06086331960833326,2.958390307707183,0.6047331891613236,-0.03980997394586171,-1.3019366566657105
1726406912166807800,17.377807861328126,3.109229567902194,-0.7932351215771385,0.06246625624320423,2.959786683442501,0.6042346496682485,-0.042149506057559065,-1.301153616607266
1726406912176806000,17.387805908203124,3.115369495938671,-0.7932681197609549,0.06382119857791466,2.961080760964199,0.6039047579122088,-0.04417715967061224,-1.3007392184646318
1726406912186804000,17.397803955078125,3.120280510958675,-0.7932690304231131,0.06481792519483552,2.962324856324687,0.6036810204239934,-0.04574014071327878,-1.3005024836367467
1726406912196801800,17.4078017578125,3.124909852303835,-0.7933321004083779,0.06534282638287381,2.964548757563799,0.6034529869353142,-0.04689276463547792,-1.3001767949586425
1726406912206799000,17.417799072265623,3.129697614431923,-0.7935144001578152,0.06520665152777501,2.968572837433065,0.6031759510044751,-0.047558129782930246,-1.2996325155361337
1726406912216797000,17.427796875,3.1343971092950267,-0.793815337342362,0.06437427127418002,2.974293539615787,0.6028603422172585,-0.04767155517463397,-1.298877142953442
1726406912226795000,17.437794921875,3.1388688892668895,-0.7942043657181512,0.06292552293414984,2.9813949332233505,0.6025319164010996,-0.04727711225726979,-1.2979835580951085
1726406912236793000,17.44779296875,-3.1397695710883795,-0.7946258518269805,0.06079392705342854,2.9902591710580535,0.6022640297677498,-0.04638704088591862,-1.2971401371485738
1726406912246791000,17.457791015625,-3.135664914556445,-0.7950326822129833,0.0581136661362168,3.0001500770438314,0.6020955415999233,-0.045020697170268235,-1.2964551947863896
1726406912256788000,17.4677880859375,-3.1325206990768018,-0.7953855138008031,0.05518292925261353,3.009924694226577,0.6020302368736133,-0.043315772799149894,-1.295971833120063
1726406912266785800,17.477785888671875,-3.1302628365376153,-0.7957146607786825,0.052261898568914535,3.018995759893447,0.6019857334235603,-0.04147294139611464,-1.2955293133694032
1726406912276783900,17.487783935546876,-3.1289945660541365,-0.7960540675296357,0.049441420934900775,3.0270633816679906,0.6019055936728032,-0.039537948217407644,-1.2949991352283559
1726406912286782000,17.497781982421873,-3.128459148885647,-0.7964019323144482,0.04684551062904108,3.034011126159257,0.6017741782223777,-0.037647567509444965,-1.2943647664504867
1726406912296779000,17.507779052734374,-3.1283815675382054,-0.7967357029845112,0.044437935872712685,3.0401359827613232,0.6016263347959575,-0.03582357210200137,-1.2937160134524812
1726406912306777000,17.517777099609376,-3.1287266427324347,-0.7970585978003847,0.042175150130943355,3.045574847928353,0.6014651371739382,-0.03403848530343779,-1.2930546015894475
1726406912316775200,17.527775146484377,-3.129209636571106,-0.7973861084991211,0.040176771516295444,3.0502454257901,0.6012567158107324,-0.032429142108760176,-1.2923123747635215
1726406912326773000,17.53777294921875,-3.129837383025404,-0.7977555342197786,0.03853376518680249,3.053918778561796,0.6009463650030843,-0.031059437093431053,-1.291357067286207
1726406912336770000,17.54777001953125,-3.130326129074044,-0.7981887450067544,0.03723244155346235,3.0568453366547335,0.6005084781038564,-0.029966322093618825,-1.2901248515176766
1726406912346768000,17.557767822265625,-3.1310813838204092,-0.7986500829753572,0.03616297132582168,3.058992135432511,0.6000077440806146,-0.02899988043113297,-1.2887571872055763
1726406912356766000,17.567765869140626,-3.1327941156396575,-0.7991051243026459,0.0352196802185638,3.0601034797429953,0.5995071625632126,-0.027962029218866414,-1.2873886120241222
1726406912366764000,17.577763916015623,-3.1354381708340235,-0.7995560835641827,0.03431355116701664,3.0604249394419187,0.5990117020724285,-0.026788281561535447,-1.2860228017831379
1726406912376761900,17.587761962890625,-3.1392035558032676,-0.8000334819118231,0.03350548079952188,3.059668639693972,0.5984766701072652,-0.025485849534565022,-1.2845503059823036
1726406912386759200,17.59775927734375,3.139221616154401,-0.8005592992067031,0.03292261427794343,3.0576193133795257,0.5978603283245963,-0.02416621308656346,-1.2828761081659463
1726406912396757000,17.607757080078127,3.1344241522659604,-0.8010988819535817,0.032625573026501056,3.0548421710938776,0.5971978112531672,-0.02304343539406199,-1.281106794880971
1726406912406755000,17.617755126953124,3.1306796003270705,-0.8016133239979483,0.03259196524141319,3.052201479197712,0.5965372351624151,-0.022298332496555887,-1.2793799030644155
1726406912416753200,17.627753173828125,3.1282760063611956,-0.8020745505260123,0.0328632449059485,3.049800793699617,0.5959123227089246,-0.022018561012194456,-1.2777884033490432
1726406912426750000,17.63775,3.126371107858848,-0.8024727521984253,0.033475909447618434,3.046918901577981,0.5953395666562565,-0.022082959116200514,-1.2763606299086558
1726406912436748000,17.647748046875,3.124568535855926,-0.8028058054239562,0.034453102565139254,3.043203006873906,0.5948213085882268,-0.022437624659107567,-1.2750953007161825
1726406912446745900,17.657745849609373,3.122813643598249,-0.8030994248797932,0.03562372915222333,3.0390415510988835,0.5943363496412603,-0.02294355318923428,-1.2739271636899725
1726406912456744000,17.667743896484374,3.1214226474810576,-0.8033487183912915,0.03691810760755032,3.034840310112514,0.5938944723986924,-0.023608018082258198,-1.2728856925018548
1726406912466742000,17.677741943359376,3.1202281766472595,-0.8035445788900741,0.03820571728998244,3.030796379971889,0.5935197463425237,-0.02430695747067628,-1.2720168908742577
1726406912476738800,17.68773876953125,3.11952885595286,-0.8036773332745168,0.039560996783367525,3.026942329568042,0.5932159769108482,-0.025152019946760917,-1.2713451945159835
1726406912486737000,17.69773681640625,3.1190211688942933,-0.8037384650729231,0.04099596682981954,3.023021212995277,0.5929946600744019,-0.026098728989067916,-1.2708932284084344
1726406912496735000,17.70773486328125,3.118795409859788,-0.8037334328778191,0.042592260410735515,3.018897200959119,0.5928383093680993,-0.02722329490598071,-1.270628712826914
1726406912506733000,17.717733154296877,3.11900552844701,-0.803689155361028,0.0443039194694619,3.0148020991351254,0.5927122600800506,-0.028516926355083357,-1.2704688252483411
1726406912516730000,17.727730224609374,3.1198232908533234,-0.8036159764972046,0.04606736797634037,3.011021329593567,0.5926055728841848,-0.029963475707450667,-1.2703864742588067
1726406912526728000,17.73772802734375,3.121098477482673,-0.8035037566965249,0.047982842116132254,3.007193680854546,0.5925201656356232,-0.0316101389731437,-1.270395116970303
1726406912536726000,17.74772607421875,3.1225877318748414,-0.8033464314515053,0.050138864260731164,3.0029190929820864,0.5924523697547446,-0.0334776046342785,-1.2704904519659337
1726406912546724000,17.75772412109375,3.1242340577532883,-0.8031321284736775,0.05256739716258706,2.9980737924646386,0.592409864934162,-0.03558051499046338,-1.270698387936789
1726406912556721000,17.767720947265627,3.1261244902318723,-0.8028496837624378,0.05520872970046733,2.992867171790724,0.5924090515942037,-0.03789330330472552,-1.2710618460027687
1726406912566719000,17.777718994140624,3.1280906149445467,-0.8024976834409678,0.058009503924558094,2.9873063808674862,0.5924564056263231,-0.040346805275866246,-1.271590161990427
1726406912576716800,17.787716796875,3.1301167310373788,-0.8020756360964308,0.06088969234152497,2.9815771470080117,0.592560866697864,-0.04288054055223312,-1.2722981612664588
1726406912586715000,17.79771484375,3.132093465530183,-0.8015720959134045,0.06382844558349535,2.9756471086517826,0.5927404787365664,-0.045462108411589035,-1.2732270949926328
1726406912596712000,17.8077119140625,3.1337794283771356,-0.8009837830280502,0.06679099878040425,2.969421849790424,0.5930072896718883,-0.04802408506345246,-1.2743943708417043
1726406912606710000,17.8177099609375,3.1348832028982763,-0.8003067196051502,0.06980975390956183,2.962601970600941,0.593364517935744,-0.050539750698951336,-1.2758011921984258
1726406912616708000,17.8277080078125,3.134979872588662,-0.799552368508852,0.07277663249726612,2.9551390406577682,0.5938230562050715,-0.05285501156531219,-1.2774391378790246
1726406912626706000,17.837705810546876,3.13403151487529,-0.7987148233122877,0.07566553899398486,2.9470624117897226,0.5943986769145755,-0.05494972751672536,-1.2793373910068977
1726406912636703000,17.847702880859377,3.131847074517274,-0.7978056498329225,0.07842626999552703,2.9383501376322005,0.5950917308842896,-0.056756463385804354,-1.2814741680787065
1726406912646700800,17.85770068359375,3.128216337577758,-0.7968558118428295,0.08102956362900972,2.9289176066403138,0.5958739738472096,-0.05821623453317957,-1.2837551101219677
1726406912656699000,17.867698974609375,3.1234302416357353,-0.7958978208253857,0.08351483231283807,2.9188860595808532,0.5966932243411197,-0.05940705002816699,-1.28606235158535
1726406912666697000,17.877697021484376,3.1178296857582573,-0.7949921414097885,0.08589639409447897,2.908489343792406,0.597463552166348,-0.060386766123346806,-1.2881891631047389
1726406912676694800,17.88769482421875,3.111942378411811,-0.7941920429681543,0.0883260383728431,2.897767134868293,0.5980758388857014,-0.06134113627001838,-1.2899102321192113
1726406912686692000,17.897692138671875,3.1061967741907863,-0.7935505707446093,0.090871477439339,2.8869013512352946,0.5984394077537083,-0.06237170777718889,-1.2910281771333987
1726406912696690200,17.907690185546876,3.1006835579957506,-0.7930755301475018,0.0935758801133197,2.8758688768602263,0.5985322761869836,-0.06351327504221752,-1.2914984086377832
1726406912706688000,17.91768798828125,3.095464441752049,-0.7927504036723058,0.0963259899462465,2.8650027462096217,0.5984005686076496,-0.06469084171263301,-1.2914192615845643
1726406912716686000,17.92768603515625,3.090871980081132,-0.7925657913461925,0.09896174598885393,2.8549549286227527,0.598089171937712,-0.06584289287538256,-1.2908920624102347
1726406912726683000,17.937682861328124,3.0868025474845244,-0.7925025484410703,0.10131846940254143,2.8460518432519155,0.5976680830918233,-0.06683680903603656,-1.2900559381319634
1726406912736681000,17.947680908203125,3.0828969914554647,-0.7925043046268283,0.103335351173741,2.838149189002684,0.5972359542252613,-0.06758665072158748,-1.2891253386266497
1726406912746679000,17.957678955078126,3.0789529092636854,-0.7925160760452434,0.10502712854882588,2.831031574189542,0.5968679025657762,-0.06808939475511501,-1.2882810333869223
1726406912756676900,17.9676767578125,3.075077757073555,-0.7925246536103137,0.10632607478644385,2.824937142252077,0.5965996930483267,-0.06832366801232394,-1.2876067907233055
1726406912766674000,17.977673828125,3.0714182583666343,-0.7925489857290411,0.10715165119054709,2.820179904058052,0.5964276727110852,-0.06825404189664999,-1.2870856606482128
1726406912776672000,17.987672119140626,3.068194204008242,-0.7926069468080752,0.10750888385059251,2.816918766565308,0.5963249529166311,-0.06791744897525964,-1.2866669058244593
1726406912786670000,17.997670166015624,3.0653588875225837,-0.7927352960524974,0.10749225984647477,2.8149044064837683,0.5962206351731059,-0.0673577772963358,-1.2861860838829908
1726406912796668200,18.007668212890625,3.0628967412012003,-0.792940076556151,0.107174425600287,2.8139504949759533,0.596088313638386,-0.06662072533987012,-1.2855938390436463
1726406912806665000,18.0176650390625,3.0609772787305776,-0.7931980060763562,0.10665091305551176,2.813936645076893,0.595928780053883,-0.06581239305347474,-1.2849272534241316
1726406912816663000,18.0276630859375,3.0596750527710146,-0.7934876294254022,0.10592184972868761,2.8149057181875943,0.5957672573837579,-0.06495558075412064,-1.2842591418942386
1726406912826660000,18.03766015625,3.0589762519384243,-0.7937822703421364,0.10509061317919495,2.8165785698343053,0.5956112235304489,-0.06413161285285948,-1.2836306961221893
1726406912836658200,18.047658203125,3.0581695589371916,-0.7940758357063475,0.10408877862996348,2.818587796441425,0.5954985131237652,-0.06317029754936017,-1.2830736549705228
1726406912846656300,18.05765625,3.0569779158059043,-0.794350025404231,0.10284726720011138,2.820886469894833,0.5954736233628377,-0.06198186554811066,-1.2826711700451867
1726406912856653300,18.0676533203125,3.055259421979385,-0.7945815956528559,0.10129717507834624,2.823524897055337,0.5955823667667457,-0.060501958317414915,-1.2825185565377772
1726406912866651400,18.0776513671875,3.0531250548361264,-0.7947590059155852,0.09951711810048532,2.8263884054269837,0.5958154128394865,-0.05880885645349107,-1.2826219038559519
1726406912876649200,18.087649169921875,3.0508318621995314,-0.7949364295888881,0.09764896804434962,2.829350378865229,0.5960613194434871,-0.05702399270992295,-1.2827418286207144
1726406912886647300,18.097647216796876,3.0484905381871217,-0.7951926854123712,0.09574354008766514,2.8324115835397943,0.5962030705017008,-0.05516978804318784,-1.2825959964523372
1726406912896644000,18.10764404296875,3.0461308485900895,-0.7955357178032568,0.09376667066063488,2.8356824953354245,0.5962365116016255,-0.0532243571543191,-1.2821715732631
1726406912906642200,18.11764208984375,3.0434522322062336,-0.7958726159028109,0.09176767238608052,2.8387682476028306,0.596274432088198,-0.0512068809650327,-1.2817468846029734
1726406912916640300,18.12764013671875,3.04034095762047,-0.7961229762625535,0.0898829353386575,2.8412071273262427,0.5963942003601164,-0.04922566923909346,-1.2815367795687007
1726406912926638000,18.13763818359375,3.0371114715714884,-0.7962639426086258,0.08828394112762912,2.8427997382744477,0.5965873326185068,-0.04746707892081684,-1.2815640482759987
1726406912936635100,18.14763525390625,3.0345688137280766,-0.7963560007678513,0.0871213277107059,2.8438080824043928,0.5967382441070057,-0.04615691799949481,-1.2816045197933723
1726406912946633200,18.15763330078125,3.033347346647255,-0.7964669663530188,0.08650831168005756,2.844463042879358,0.596732721334926,-0.04546104069820329,-1.281417499429316
1726406912956631300,18.16763134765625,3.033490209464853,-0.7966396987622097,0.08653903148700305,2.8445892403901456,0.5964996787549316,-0.04543640429420247,-1.2808341611116087
1726406912966629400,18.17762939453125,3.0345435381194985,-0.796907489327238,0.08716537626618492,2.8439843470654536,0.5960106602129074,-0.045954308714344784,-1.2797423868944457
1726406912976626200,18.187626220703127,3.0362887130746765,-0.7973148252936462,0.0881395615828107,2.843117176201015,0.5952577188542837,-0.046782900449177524,-1.2780760329556022
1726406912986624300,18.197624267578124,3.038873077988716,-0.7978481880750283,0.0890838372776275,2.8430114490097873,0.5943297892736545,-0.047690795870600364,-1.2760189676653764
1726406912996622300,18.207622314453126,3.0423993572130485,-0.798457739561573,0.08978693163285462,2.844227035308759,0.5933331372692482,-0.04857341016738513,-1.2738190053314082
1726406913006620200,18.2176201171875,3.046270283459766,-0.7990925507679558,0.09016085163654883,2.8465047119803946,0.5923621883464792,-0.04928552245130768,-1.2716610445171723
1726406913016617200,18.2276171875,3.0504731660926874,-0.7997570078666415,0.09000469368984491,2.850324949743623,0.5914550703938232,-0.04968622389383079,-1.269608072112679
1726406913026615000,18.237614990234373,3.0547808791837596,-0.800418051292781,0.08917908289969956,2.8558414126391014,0.5906882873231856,-0.04965204586694645,-1.2678142663080079
1726406913036613000,18.247613037109375,3.0591857013605024,-0.8009917474974713,0.08783886948712265,2.8626292791454704,0.5901389329063942,-0.04932081762760983,-1.2664979151636642
1726406913046611200,18.257611083984376,3.063488553603817,-0.801405530998221,0.085983289203465,2.8705158057297577,0.5899039333162671,-0.048677290775934724,-1.2658911297955924
1726406913056608300,18.267608154296877,3.0678022481845457,-0.8016250400705325,0.0837364930716742,2.87927469884759,0.5899978211954424,-0.04783302657159543,-1.2660556514256018
1726406913066606300,18.2776064453125,3.072227678078071,-0.8016880127566285,0.08126728755080594,2.8885958125726097,0.5903320968852956,-0.046902655990674245,-1.2667992189454604
1726406913076604200,18.287604248046875,3.0770770593268284,-0.8016696183124772,0.07866946265741262,2.898519801485101,0.5907815293194095,-0.0459779549592365,-1.2678355317355383
1726406913086602200,18.297602294921877,3.0828067771838827,-0.8016247872000044,0.07605671666815539,2.909131241163594,0.5912444376472026,-0.0452019369608016,-1.2689465710463586
1726406913096599300,18.307599365234374,3.0891428638403724,-0.8015968987104976,0.07346692589121144,2.920154281986131,0.5916598987029428,-0.04453622842319556,-1.2699612006799184
1726406913106597000,18.31759716796875,3.0956467972008372,-0.8016426398386047,0.0709164288170086,2.9312445534818106,0.5919569363339643,-0.043897772117372315,-1.2706796040570851
1726406913116595200,18.32759521484375,3.1019779159775767,-0.8017958904038117,0.06840459253268806,2.942156465719214,0.5920947536285464,-0.04321992076862648,-1.270981389439481
1726406913126593000,18.337593017578126,3.107596046248192,-0.802022253347336,0.0660212051263148,2.9522512878687537,0.5921121034087704,-0.042482826859619766,-1.2709561288820623
1726406913136590300,18.34759033203125,3.1120171517072897,-0.8022555877832505,0.06385142511076852,2.9609373852020324,0.5920911517920177,-0.04167818074282721,-1.2708058130992417
1726406913146588400,18.35758837890625,3.1153400422905997,-0.8025090921917559,0.06178352851860738,2.9685658553838334,0.5920322701567315,-0.04074198822050902,-1.2705272162361443
1726406913156586200,18.367586181640625,3.118140513892386,-0.8028314957536538,0.05959833530430966,2.976113864395655,0.591895641988647,-0.03961269848345235,-1.2700194867298467
1726406913166584300,18.377584228515627,3.1204381715936633,-0.803252427996207,0.05728557845241635,2.9836260124525684,0.5916403002448094,-0.038282648137499306,-1.2691851115317205
1726406913176582400,18.38758251953125,3.122031474172606,-0.8037821098489574,0.055011390011320035,2.9905424892827823,0.591228598138194,-0.03683525739845036,-1.267947264397688
1726406913186579200,18.3975791015625,3.123071686001033,-0.8044230371935588,0.05311111615465034,2.9961438007555823,0.5906095809946966,-0.03554224998327508,-1.2662239677747351
1726406913196577300,18.407577392578126,3.124082523350959,-0.8051904367431202,0.05173027375466852,3.000456966105309,0.5897412935333474,-0.03460429137218497,-1.2639413612269956
1726406913206575000,18.4175751953125,3.1251731891692005,-0.8060677151051868,0.05101180247509502,3.003205584972931,0.5886310260815454,-0.03414780439844521,-1.2611349478868221
1726406913216572200,18.427572265625,3.125667425151822,-0.8070590896343762,0.05104015494987965,3.003692334627123,0.5872713758683589,-0.03410225421205042,-1.2577718494136252
1726406913226570200,18.4375703125,3.1258570102584753,-0.8081576930360788,0.05165931882374117,3.002521810871291,0.5856866377889804,-0.03440486113389337,-1.25390587589391
1726406913236568300,18.447568359375,3.1259466313765834,-0.8093462308074605,0.05272517637041149,3.0002017089855113,0.583913077270825,-0.03498804636238713,-1.2496214885322623
1726406913246566400,18.45756640625,3.1264556242142167,-0.8106083990177058,0.05387396346430272,2.9980011900946453,0.5820117612840093,-0.035693371301297114,-1.2450530529830648
1726406913256564200,18.467564208984374,3.1279655144946346,-0.8118997754667365,0.054662161950166634,2.9974097992288824,0.5800953915908662,-0.03633358466338817,-1.2404522163915783
1726406913266561300,18.477561279296875,3.130883549805383,-0.8131660780540323,0.05505342839925873,2.9987805725941166,0.5782404891513111,-0.03698490502334498,-1.236018692013407
1726406913276559000,18.48755908203125,3.134588721567625,-0.8143373343624244,0.05533216234023252,3.0009486085709,0.5765140061980735,-0.03774313681118843,-1.2319253426417125
1726406913286557200,18.49755712890625,3.1381238051544553,-0.8153231299946162,0.05562083243158926,3.002918622139165,0.5750400795967432,-0.03851476043792051,-1.2284553611465276
1726406913296555300,18.50755517578125,3.140946440486176,-0.8160463921161899,0.0557007309394998,3.0048359308674946,0.5739698122787811,-0.039043498266131973,-1.2259324839219299
1726406913306552000,18.517552001953124,-3.1407948197299067,-0.8165065794151947,0.05516927678901758,3.0072231040942237,0.5733756258510113,-0.03890738066202629,-1.2244607508699126
1726406913316550100,18.527550048828125,-3.140619833844478,-0.8167320983117224,0.053539490039691225,3.0113562515063093,0.573284163890457,-0.0377830641000358,-1.224054449672444
1726406913326548200,18.53754833984375,-3.1412302717314495,-0.8167602157523799,0.05050907136345442,3.0183229404539786,0.5736616130405724,-0.03555093931192174,-1.224626730770538
1726406913336546300,18.54754638671875,3.140111210040485,-0.8166540496685666,0.04629039216989282,3.0273060176372746,0.5743635157626372,-0.032249946646365296,-1.2258639121931605
1726406913346543400,18.55754345703125,3.1373987117751994,-0.8164954405473536,0.041360443209695785,3.037412894069557,0.5751741087450923,-0.02827118654050846,-1.2273290005295727
1726406913356541200,18.567541259765626,3.1339773952452243,-0.8162710419017349,0.03616017389085444,3.0476787030340198,0.576038342473203,-0.023954370763224802,-1.2289556426681243
1726406913366539300,18.577539306640624,3.1297742086215297,-0.8160079966758611,0.031224474301588548,3.0567467542534343,0.5768618553328698,-0.019657012653811704,-1.2305585207656113
1726406913376537300,18.587537353515625,3.1244378642254165,-0.8157348220629986,0.027136708803843324,3.0629404451251863,0.5775753518176903,-0.015719299299346436,-1.2319831562716204
1726406913386534100,18.5975341796875,3.1187190543783156,-0.8154604541418355,0.024429112032754788,3.0654829777079216,0.5781580396656825,-0.012675031705228398,-1.2331872577287362
1726406913396532200,18.6075322265625,3.114401938785024,-0.8151304101305764,0.02328455963995473,3.065179587381753,0.5787042567660059,-0.011026272985912638,-1.234406180951042
1726406913406530000,18.617530029296876,3.1131045241543718,-0.8146868257496672,0.02340663854189544,3.0638959191234365,0.5793261652013153,-0.010899010901493018,-1.235914052347878
1726406913416528100,18.627528076171874,3.114293508396573,-0.8142035913502664,0.02457473315260778,3.061808198416595,0.5799345471750487,-0.012019548845407587,-1.2374733550689907
1726406913426525200,18.637525146484375,3.115664259879285,-0.8137403789486781,0.026755206395591265,3.0573693162701527,0.5804461423551912,-0.013893317133417172,-1.2388454168267216
1726406913436523300,18.647523193359376,3.11622096490527,-0.8132208431327174,0.029691064000919004,3.050485100345247,0.580972921842997,-0.016149717529991028,-1.2402882518022968
1726406913446521300,18.657521240234374,3.115816808113529,-0.8125463235145917,0.03256467718338341,3.043035460287454,0.5817017624561579,-0.018195358718451328,-1.2422249362271855
1726406913456519200,18.667519287109375,3.114559088864546,-0.8116768782292693,0.03455524163633652,3.037098141207419,0.582758115111622,-0.01947888464153305,-1.2449144608038878
1726406913466516200,18.67751611328125,3.1129032867379225,-0.8107022261376536,0.035263369964753044,3.033993881794638,0.5840602961398138,-0.019795122101098864,-1.2481323411155278
1726406913476514300,18.687514404296873,3.1113398277241022,-0.809703854006537,0.034697115248136276,3.034076969729607,0.5854963495215125,-0.019228277667577016,-1.251611831628785
1726406913486512000,18.69751220703125,3.1097766187325804,-0.8087611217140956,0.03315428882006021,3.0365730893458007,0.5869274959820879,-0.017953196005466687,-1.2550301668961459
1726406913496510200,18.70751025390625,3.1080816559286326,-0.8079473393967738,0.030890642573938625,3.040777553300433,0.588223788619311,-0.016111112851115925,-1.258085319926888
1726406913506507300,18.71750732421875,3.1065147724257915,-0.8072762780508972,0.028211633479822043,3.046132409032747,0.5893335589839044,-0.013966482732737782,-1.2606798744593934
1726406913516505300,18.72750537109375,3.105042796631726,-0.8067176804605879,0.025447133017946058,3.05179471170626,0.5902719614937105,-0.011755186929513325,-1.262869383226875
1726406913526503400,18.73750341796875,3.1036506156237613,-0.8062291549625022,0.02277057914788737,3.057316328489609,0.5910868421516148,-0.009607023116915886,-1.264777150268523
1726406913536501200,18.747501220703125,3.1019779597763444,-0.8057115673507862,0.020310543962140184,3.0620968128057697,0.591911367127962,-0.00756254464220642,-1.2667298564182294
1726406913546498300,18.757498291015626,3.0993015462392917,-0.8051217970398594,0.018391881599906526,3.064788841408702,0.5927965822594212,-0.00573348779207857,-1.2688442744886925
1726406913556496100,18.76749609375,3.095499897111541,-0.8044748186619465,0.017283775447865607,3.0646286271074223,0.593719703814941,-0.004299961916886928,-1.2710578480729278
1726406913566494200,18.777494140625,3.09080670339862,-0.8038450673858956,0.016992346636788884,3.06177570904364,0.5945868546821388,-0.0033080208731870535,-1.2731310498822792
1726406913576492300,18.7874921875,3.0857423043958074,-0.8033507777226992,0.017421550005146728,3.0568697870362245,0.595244897492336,-0.002770351702250571,-1.2746815242481055
1726406913586489000,18.797489013671875,3.0806486707618936,-0.8031034720209691,0.01856169897458369,3.050214700166938,0.5955441890692786,-0.002723146293511657,-1.2753363393143695
1726406913596487200,18.807487060546876,3.075670041790005,-0.8031831817952554,0.02030369804496285,3.0422194686346336,0.5953780833341782,-0.0030898271033047075,-1.274830173445065
1726406913606485200,18.8174853515625,3.07112661646815,-0.8036526511590137,0.022588221686809833,3.0333039093855674,0.5946572806404973,-0.0038588632462876527,-1.2729479654672518
1726406913616483300,18.8274833984375,3.0671204989860232,-0.8045240910803476,0.025335908528430224,3.0237677592426655,0.5933585405829479,-0.004969856939456667,-1.2696406074818596
1726406913626480400,18.83748046875,3.063809418978295,-0.805753759355413,0.028115892771184106,3.0148033270883583,0.5915511050760823,-0.006129175142485313,-1.2650870045363194
1726406913636478200,18.847478271484373,3.0614962744725625,-0.8071728984543888,0.030354988974595123,3.008004962829088,0.5894925593948598,-0.0070086678487603525,-1.2599345755133402
1726406913646476300,18.857476318359375,3.059929685591053,-0.8085540660117478,0.031812730091880126,3.003697961091251,0.5875140209779579,-0.007449266985140691,-1.2549945318587084
1726406913656474000,18.86747412109375,3.05827912846542,-0.809704949882688,0.03231388220595566,3.001632459370594,0.5859023170198284,-0.007224944928343192,-1.2509474467127302
1726406913666471200,18.87747119140625,3.056021907636365,-0.8106059299466314,0.03177620552434617,3.00161415979045,0.5846965023669933,-0.006190795404799466,-1.247868467092876
1726406913676469200,18.88746923828125,3.0528504566811296,-0.8113656244338918,0.0304807549087443,3.002761271489599,0.5837266921148871,-0.004466076098419805,-1.245336510434955
1726406913686467000,18.897467041015624,3.048934061437163,-0.8120700037919979,0.028815747994130156,3.004270780997075,0.5828434478564317,-0.002340136623841395,-1.2430002999770435
1726406913696464400,18.90746435546875,3.0448050478499713,-0.8127361460293796,0.027101143848912147,3.005745805565399,0.5820011713042288,-0.00014100259143493734,-1.2407718773201724
1726406913706462200,18.917462158203126,3.041740952759717,-0.8132919576613649,0.025406903836163567,3.0078997740581257,0.581298061122586,0.0018073649865838254,-1.2389370933774697
1726406913716460300,18.927460205078123,3.039995469252243,-0.8136664573135862,0.023580162165843008,3.011257606033789,0.580842673463738,0.0035411840556126262,-1.2377701366365523
1726406913726458400,18.937458251953124,3.0390519806425362,-0.8138377379081243,0.021753696175316046,3.0151167850914287,0.5806627443466699,0.005064080820522813,-1.2373201032301853
1726406913736455200,18.947455078125,3.0385846785908464,-0.8138292666585178,0.020116770503436826,3.0187909525497147,0.5807214775548916,0.006314639292263713,-1.2374790754191825
1726406913746453200,18.957453369140627,3.0386872691579,-0.8136566559110154,0.018910035926439153,3.0217637281752285,0.5809947517750337,0.007108527809791861,-1.238181055072135
1726406913756451000,18.967451171875,3.0386761757919527,-0.8132985607178795,0.018304174655856438,3.0231246442474697,0.5815109106161452,0.00745823914289392,-1.2394675864529978
1726406913766449200,18.97744921875,3.0377865976997835,-0.812721907339913,0.01812713613225975,3.022737871478247,0.5823198012241939,0.007630135675113286,-1.24144237669227
1726406913776446500,18.987446533203126,3.036133858082004,-0.8119220654053273,0.018079998593087437,3.021411067216765,0.5834334807418331,0.007808051686147639,-1.2441466918194959
1726406913786444300,18.9974443359375,3.0343833540634053,-0.8108786354784564,0.018068712389380088,3.019837830254361,0.5848817191979614,0.007917502197414933,-1.247678565128714
1726406913796442400,19.0074423828125,3.0327123491363626,-0.8096290850540526,0.01813109951125679,3.018060971151426,0.586608421641459,0.00790251861717495,-1.2519060543265517
1726406913806440200,19.017440185546874,3.0310719312086025,-0.8082631014006225,0.018408275342020556,3.0157248406779145,0.5884835262813863,0.007690062932872971,-1.2565057109511886
1726406913816437200,19.027437255859375,3.0291576412320773,-0.8068061484679381,0.019187187181304476,3.011903616256519,0.5904616595612643,0.00713263519578297,-1.2613505175984177
1726406913826435300,19.037435302734377,3.0273073274812963,-0.8053464474294307,0.020351093489783423,3.00715427091391,0.5924219220838064,0.006265961303528655,-1.2661554800917676
1726406913836433000,19.047432861328126,3.02586406401623,-0.8039218582526085,0.021491760769145343,3.0027509373628,0.5943226636191244,0.005332134031583198,-1.2708378741318438
1726406913846430700,19.0574306640625,3.025511504688656,-0.8024998853713006,0.022398859322478645,2.999714009437126,0.5962158575902037,0.00435617116035065,-1.2755523092646566
1726406913856428000,19.067427978515624,3.026355066182647,-0.8010647423989371,0.023049251335497473,2.998188094750363,0.5981243231825598,0.003342498212991306,-1.2803583025512977
1726406913866425900,19.07742578125,3.028096547420976,-0.7996627440074742,0.02351239932374527,2.9978114868778283,0.5999844340276459,0.0023165776544192317,-1.2850851635569849
1726406913876424000,19.087423828125,3.0310477032444223,-0.7983002800535466,0.023766673379672157,2.9988865601364414,0.601789174514505,0.0012504966314411058,-1.28972021669472
1726406913886422000,19.097422119140624,3.035130729299824,-0.7969721419814665,0.02361869906823337,3.0018515440004,0.6035539580234113,0.00031237137042039415,-1.2942957084454145
1726406913896418800,19.107418701171873,3.0390975128854363,-0.7956828128148603,0.023245573113392915,3.005335794502425,0.6052672154661443,-0.0004059191273964636,-1.29873977875645
1726406913906417000,19.1174169921875,3.0419885618482536,-0.7945191331878451,0.02282019640705713,3.0082045701080347,0.6068096607072523,-0.0008533049799051882,-1.3027218857994223
1726406913916414700,19.127414794921876,3.043759827985453,-0.7936193996203051,0.022467032336395184,3.010143823166777,0.6079986649228749,-0.0010935943833900073,-1.3057799460877413
1726406913926411800,19.137411865234377,3.045159812915597,-0.7929922398528344,0.02232172840875369,3.0113747869587835,0.6088210727858653,-0.0013606649922543728,-1.3079006950935088
1726406913936409900,19.147409912109374,3.0464532240951376,-0.7926261383084522,0.02254639603880834,3.0116825284707924,0.6092881500743734,-0.0018288207227223348,-1.3091208664372156
1726406913946407700,19.15740771484375,3.047676570268305,-0.7925027366451942,0.023249028939264095,3.010813989319721,0.6094195287031053,-0.0025931330528199807,-1.3094920969346802
1726406913956405800,19.16740576171875,3.0486335589989655,-0.7925481448359043,0.024536326990229652,3.008325861413891,0.6093040897804296,-0.00372020670350765,-1.3092380889718582
1726406913966402800,19.17740283203125,3.049588907025847,-0.7926855482569024,0.026338651397057038,3.0045730575271823,0.6090391415206163,-0.005216590313411752,-1.3086186451321822
1726406913976401000,19.18740087890625,3.0507650283026297,-0.7928182207098569,0.02857639062652246,2.9998966831802587,0.6087467951731248,-0.007078960094770222,-1.3079552152298017
1726406913986399000,19.19739892578125,3.052520638003162,-0.7928490089813794,0.031140946327581482,2.9948128827559275,0.6085508541948487,-0.009306107678007186,-1.307577537802037
1726406913996396800,19.207396728515626,3.0548148221373306,-0.7927834740004518,0.03372723495476352,2.9900573447648138,0.6084579220736034,-0.011659080160606912,-1.3074996914089305
1726406914006393900,19.217393798828127,3.057288873670193,-0.7926646249367112,0.03598564308288354,2.9862460506154407,0.6084383019876538,-0.013804435292772317,-1.3076201044026596
1726406914016391700,19.2273916015625,3.0596649373424656,-0.79254440553883,0.03784114493155982,2.983371318473533,0.6084383903372205,-0.015627835568495375,-1.3077857347875104
1726406914026389800,19.2373896484375,3.0618576518093263,-0.7924388151028385,0.039390647786550145,2.9811293850637632,0.6084354611968058,-0.01718514398561041,-1.3079318755466658
1726406914036387800,19.247387939453127,3.0643679411660134,-0.7923298151987411,0.040659035719269244,2.9798352762197147,0.6084530633629017,-0.018582228211926073,-1.3081338299231215
1726406914046385000,19.257385009765624,3.0671516928732228,-0.7922207772269321,0.04158947888958736,2.97959876627156,0.6084947281747122,-0.019768105176689907,-1.3083902403808254
1726406914056383000,19.267383056640625,3.069681883266123,-0.7921460935881367,0.04200605322787798,2.9804686693758247,0.6085386643838573,-0.020515243529100297,-1.3086137563086038
1726406914066380800,19.277380859375,3.0715111745385117,-0.7920624196877628,0.042034774141372855,2.9817720507645267,0.6086340297209369,-0.020856111395552407,-1.3089189890891224
1726406914076379000,19.28737890625,3.072498582168088,-0.7919358949482571,0.04171260748149426,2.9832974602924964,0.6088223691757572,-0.020803421876127035,-1.309407885619463
1726406914086376000,19.2973759765625,3.0730875250141234,-0.7918428783520088,0.040973218710602236,2.9855757516868477,0.609008492189284,-0.02036139469255399,-1.30985137719916
1726406914096373800,19.307373779296874,3.074062347455819,-0.7918035109460626,0.039841609556885225,2.989152497267477,0.6091575209599995,-0.019671851300653586,-1.3101889070746935
1726406914106371800,19.317371826171875,3.075213232898939,-0.7917601670693334,0.038542232619122006,2.9932861036094933,0.6093224554318512,-0.01888325149505909,-1.3105635266848275
1726406914116369000,19.327368896484376,3.0757689933199854,-0.7916587530369312,0.037349221074314876,2.9966802748054007,0.6095525931888024,-0.018089716097804548,-1.3110944048803939
1726406914126367000,19.337366943359374,3.076140866411241,-0.791535029239742,0.036190734124998965,2.999841829399064,0.6098060928677086,-0.017295722859381878,-1.3116834381076434
1726406914136365000,19.347364990234375,3.077012775615311,-0.7914658120545145,0.03484215209371043,3.003883360285258,0.6099985894155929,-0.01642486612326454,-1.312124656598716
1726406914146363000,19.35736279296875,3.0782768847324538,-0.7914915061963088,0.033218172004544216,3.008947366278786,0.6100828520151897,-0.01538655159756472,-1.312290480526457
1726406914156360000,19.36735986328125,3.079056825022075,-0.7916563297193089,0.03144440441048713,3.014053680980379,0.6099933758653762,-0.014127461996414589,-1.3119999002537792
1726406914166357800,19.377357666015627,3.07872018109138,-0.79197690817999,0.029773950174122717,3.018081044608379,0.6096916106046273,-0.012737062043700634,-1.311153811396345
1726406914176355800,19.38735595703125,3.0779032908922717,-0.7924961089872324,0.028280768474239024,3.021342998035874,0.6091148722898974,-0.011367570871740085,-1.3096138070972827
1726406914186354000,19.39735400390625,3.077560264569124,-0.7932182174449031,0.02678250555936655,3.0250298784091636,0.6082653030649333,-0.010036175100401678,-1.3074021128886897
1726406914196350700,19.407350830078126,3.0776932297244803,-0.7941086128706135,0.02490465931700229,3.0300701404572767,0.6072062773814376,-0.008469110416966847,-1.3046715839880176
1726406914206348800,19.417348876953124,3.0769399186082507,-0.795097342969086,0.022501175256893276,3.035768249955849,0.6060310121953101,-0.006346290692863248,-1.3016298677414309
1726406914216346600,19.4273466796875,3.0750622802292793,-0.7961316594834383,0.019657539108336786,3.04171827499536,0.6047928244214624,-0.0037008499989889536,-1.2984222094172757
1726406914226344700,19.4373447265625,3.072096728072435,-0.7971461484094453,0.016496711314384842,3.0476296483749383,0.6035607123006079,-0.0006397509198793364,-1.295237508088608
1726406914236342000,19.447342041015624,3.0685842301426054,-0.7981069391717137,0.013131040416686383,3.0536274606425358,0.6023668726061808,0.002657562320412392,-1.2921787808143388
1726406914246339800,19.45733984375,3.0651080832020106,-0.7989893747223318,0.009985828798737864,3.0590839091159054,0.6012345825430881,0.005768219100781017,-1.2893145479887025
1726406914256338000,19.467337890625,3.0614318484604843,-0.799774337729942,0.00745517917004377,3.0628341526636573,0.6001952574725,0.008436771294024696,-1.286701422059281
1726406914266334700,19.477334716796875,3.056910905671594,-0.8005687662949909,0.005488794739497694,3.0645519800767937,0.5991177205906831,0.010836374046476034,-1.2839853569515127
1726406914276332800,19.487332763671876,3.051878028212539,-0.801485777930008,0.004183400816592264,3.0642810756484145,0.5978608330520964,0.012861591732543061,-1.2808048033168
1726406914286331000,19.497330810546874,3.0469393135044514,-0.8026280349230367,0.0036226672170282417,3.062301192796355,0.5962957837426521,0.014367927403980841,-1.2768340198247399
1726406914296328700,19.50732861328125,3.041494995119884,-0.8040184953820373,0.003909119921811542,3.0579361707809776,0.5943919320062643,0.015405138873149885,-1.2719737276378755
1726406914306326000,19.517325927734376,3.035533111988216,-0.805645622497477,0.004957808324907709,3.0514134033614972,0.5921593515377974,0.016056815526028122,-1.2662462522022722
1726406914316323800,19.52732373046875,3.030126133358937,-0.8074614732976407,0.006483318165394978,3.044236976735361,0.5896582982459566,0.016340750646209733,-1.2598381475906593
1726406914326322000,19.537322021484375,3.0256794504641817,-0.8093498523065917,0.008277404177899296,3.037186308977487,0.5870418541459815,0.016311531254833405,-1.2531540553933844
1726406914336320000,19.547320068359376,3.02240691378802,-0.811192854366146,0.009964313512125901,3.03129283655703,0.5844703680981403,0.016165233286694145,-1.2466225443995753
1726406914346316800,19.55731689453125,3.0202606845495628,-0.812936991064104,0.01119160460140544,3.027347104639524,0.5820205003851815,0.016134252385085906,-1.2404524363667802
1726406914356315000,19.56731494140625,3.0188246953107227,-0.8145539170670539,0.011838856864404492,3.0253126441487206,0.5797361771462509,0.016361913987863002,-1.2347486125297793
1726406914366312700,19.577312744140624,3.0179895940008095,-0.816043492351824,0.011932478600282926,3.0250272940458514,0.5776219644316929,0.016836598133470052,-1.229517688256718
1726406914376310800,19.587310791015625,3.0176092088900544,-0.8173924748829463,0.011828783046045357,3.0254983643794344,0.575699133344824,0.017323969543025317,-1.2247893986496925
1726406914386307800,19.597307861328126,3.017441114851998,-0.8186014804449055,0.011759414325387064,3.025984960746958,0.5739683886375431,0.017708401112310184,-1.2205443026330822
1726406914396306000,19.607305908203124,3.017516088671262,-0.8197317421569599,0.011710325759877025,3.026562897488854,0.5723447319344245,0.018007293849833277,-1.2165740833740495
1726406914406304000,19.617303955078125,3.017711527641657,-0.8208400076786289,0.011769998758317584,3.026950841112169,0.570746866367886,0.018198698697252325,-1.2126702845531216
1726406914416300800,19.62730078125,3.0175456453357983,-0.8218524851878561,0.011942165759979825,3.0267819059789716,0.5692790997073055,0.018366641081950144,-1.2090726048482385
1726406914426299000,19.637298828125,3.016976900000781,-0.8226912398323236,0.011986217699749332,3.0265867884587205,0.5680554041093206,0.0186687293574263,-1.2060684884884947
1726406914436297000,19.647296875,3.0166704163649984,-0.8232975527338305,0.011767015534817658,3.027127569921042,0.5671686016835772,0.019037240071830778,-1.2039106798657802
1726406914446294800,19.657294677734374,3.0169890186048374,-0.8236704206398976,0.01124910010488396,3.0287349316519787,0.5666246421471548,0.01941433431358202,-1.2026251786223916
1726406914456291800,19.667291748046875,3.018311469551762,-0.8238428106051486,0.01050353327490252,3.031506085934524,0.5663793143811714,0.019675388878129797,-1.2021104016653488
1726406914466289700,19.67728955078125,3.0203825743212036,-0.8238051699163237,0.009880708512299259,3.034416581481674,0.5664465342678212,0.019636265656354655,-1.2023696416199545
1726406914476287700,19.687287841796874,3.022862695575495,-0.8236087223462789,0.009567190772293793,3.0368041779829613,0.5667506866858731,0.019259186478545222,-1.2031979088980604
1726406914486285800,19.697285888671875,3.0258524595175103,-0.8233014944389072,0.009468574801930326,3.0389863953201197,0.5672205342725511,0.018600222320663884,-1.204428916594384
1726406914496283000,19.707282958984376,3.029201488179362,-0.8229158507603287,0.009449671669840365,3.04120214673612,0.567805865393243,0.017794558674995242,-1.2059443510936247
1726406914506281000,19.717281005859373,3.0325620612632966,-0.8224636220396019,0.009215236448783108,3.0439360685592054,0.5684850791067146,0.017125649921914454,-1.2076982479018763
1726406914516278800,19.72727880859375,3.0353961620476304,-0.8219716185475252,0.008658227319099526,3.0470885461506176,0.5692148965201146,0.01679146027708126,-1.2095759258570864
1726406914526275800,19.73727587890625,3.037829530312711,-0.8214702154812111,0.007761730789290182,3.0507968313450258,0.5699515090032096,0.01678334843766442,-1.211475440673827
1726406914536274000,19.74727392578125,3.039955180248734,-0.8208839237477872,0.006580516411267072,3.05497084791169,0.5708031267206363,0.017029265618944394,-1.2136609006514136
1726406914546271700,19.757271728515626,3.0428358788557404,-0.8200517964131459,0.004952600721304958,3.06070185146882,0.5720035913186349,0.017388140823424242,-1.2167366230992736
1726406914556269800,19.767269775390623,3.0451130659737142,-0.819212983393866,0.0030318898692624475,3.066747199500035,0.5731958686984185,0.01809425732656735,-1.2197961241676196
1726406914566267000,19.777266845703124,3.0461597413900896,-0.8185320267868191,0.0010721603230757406,3.072088352619846,0.5741413342010824,0.019128214388478924,-1.2222351886979776
1726406914576265000,19.787264892578126,3.046378076113739,-0.8179280683001146,-0.0006790083072687375,3.0763709328261157,0.5749649073484855,0.020210972164442394,-1.2243558703079134
1726406914586263000,19.797262939453127,3.045864813490227,-0.8174454104313232,-0.0018501751332267394,3.078757762379105,0.5756178075997932,0.02106286446593197,-1.2260174417575729
1726406914596260900,19.8072607421875,3.045018677561988,-0.8170508655755373,-0.002267829216043662,3.079089432113043,0.5761612380470967,0.021468355304469,-1.2273609463756585
1726406914606258000,19.8172578125,3.0440530089580227,-0.8166806962698763,-0.0019006489426756504,3.077419766918433,0.5766916397817664,0.02134766279087228,-1.2286210492668665
1726406914616255700,19.827255859375,3.0433564615591178,-0.8162915446370209,-0.00072071934158582,3.073940744668309,0.5772724611822598,0.020591514305484594,-1.2299585274640727
1726406914626253800,19.83725390625,3.0430152379300317,-0.8158477792590787,0.0013569054513295146,3.0684942184797133,0.5779490766087645,0.01911412359840731,-1.2314878952989246
1726406914636250600,19.847250732421877,3.0428886525760293,-0.81534553654424,0.004351797206010356,3.0609300206231125,0.578710685079303,0.01692747440605452,-1.2331924005832986
1726406914646248700,19.857248779296874,3.0426424462793586,-0.814781938690934,0.008224357561142561,3.051105632640218,0.5795370828069211,0.014124583318038423,-1.2350369099941032
1726406914656246800,19.867246826171876,3.0422179725486487,-0.8141560753178108,0.012827589342093134,3.0393365447338887,0.5804036520378408,0.010818425750085346,-1.2369860035122875
1726406914666244900,19.877244873046877,3.041568378407418,-0.8134757403226125,0.01788787535716885,3.0262598136147325,0.5812789342000401,0.007211821818803946,-1.2389873644542624
1726406914676242000,19.887241943359374,3.0403984831174027,-0.8127229536494822,0.02306296071992505,3.012495523338844,0.5821824770119948,0.003600708805436805,-1.241097947402223
1726406914686240000,19.897239990234375,3.0384764768740364,-0.8118890674359496,0.02813185144433682,2.998411532601236,0.5831335053739933,0.00018236377917516496,-1.2433575160599486
1726406914696237800,19.90723779296875,3.0355058537292154,-0.8109776445810952,0.03307925966614958,2.9838268629881983,0.5841336812366559,-0.002977738389570382,-1.2457493229345395
1726406914706235000,19.91723486328125,3.0312396036188685,-0.81003402494473,0.037932370967007634,2.9685065165505797,0.5851254633565849,-0.005843308771244704,-1.2481081204393973
1726406914716232700,19.927232666015627,3.0257110689444815,-0.8091003183860244,0.042716227843926556,2.952424168149316,0.5860554924042838,-0.00843000612339702,-1.2502885531795538
1726406914726230800,19.937230712890624,3.019511386524125,-0.8082205692105124,0.04744497530720146,2.935988821307639,0.5868652596826999,-0.010849501624899737,-1.2521573052150161
1726406914736228900,19.947228759765625,3.013517850381947,-0.807396192324052,0.05206951640155286,2.9199589590117987,0.5875586601615546,-0.013233370127520006,-1.2537594863187078
1726406914746226000,19.957225830078126,3.0081653942352435,-0.8066351347702971,0.05648300705468839,2.904920961325257,0.588138387935893,-0.015582352375384908,-1.2551194446217149
1726406914756224000,19.96722412109375,3.0032141534602608,-0.8059348652128993,0.06079191833536929,2.890447268403439,0.5886018592424463,-0.017920279092527486,-1.25622252723386
1726406914766221800,19.977221923828125,2.99829847594259,-0.8053084890588426,0.06518679365242792,2.8758229509007665,0.5889116525295696,-0.020299031950436502,-1.256964222712097
1726406914776220000,19.987219970703126,2.9929940566888025,-0.8047214127138516,0.06961427327876453,2.8608583207546223,0.5891232526743163,-0.02260830595428663,-1.2574516222598813
1726406914786216700,19.997216796875,2.9872635933720164,-0.8041505064292443,0.07380785206950934,2.8461644845601235,0.5893097688165622,-0.024663553916923524,-1.2578421743036599
1726406914796214800,20.00721484375,2.9818796614076923,-0.8036604904597303,0.07748511116330058,2.8330281875479653,0.589431542704519,-0.026388663425195098,-1.2580595999696649
1726406914806212900,20.017212890625,2.9776144949442056,-0.8032992173229302,0.08062265160267078,2.8220981881319154,0.5894339383971343,-0.02789250248940307,-1.258014213781749
1726406914816210000,20.0272099609375,2.9747049583479552,-0.8030464383427494,0.08342673963490527,2.8130350085491203,0.5893163389388736,-0.029370656317279368,-1.2577419669659275
1726406914826208000,20.0372080078125,2.9731610705931475,-0.8028653017226071,0.0860543132532547,2.805441724613135,0.589104374794523,-0.03095018218605447,-1.2573277261511362
1726406914836206000,20.0472060546875,2.972756566748334,-0.8027217879369777,0.08850783196698574,2.7991244992105013,0.5888471132598122,-0.03260711556109562,-1.256883967144263
1726406914846204200,20.0572041015625,2.9729007893985493,-0.8025884025957556,0.09054063600494006,2.794230228679023,0.5886366802016685,-0.03407657912669069,-1.2565725398166225
1726406914856201200,20.067201171875,2.973102850305402,-0.8024358691961774,0.0919625890351833,2.7908389418489783,0.5885608870857105,-0.03515382072780982,-1.2565525801369435
1726406914866199300,20.07719921875,2.9727301850614025,-0.8022674648616918,0.09265413435112699,2.788781789671121,0.5886528889238903,-0.0356366282341702,-1.2568357110666188
1726406914876197400,20.087197265625,2.971470733794217,-0.8021316191024679,0.09265022414038443,2.787782952663975,0.5888490103455986,-0.03546327632459325,-1.257231958029521
1726406914886194200,20.097194091796876,2.970038787666285,-0.8020947674110768,0.0920782859646869,2.7880998289917933,0.5890272689456929,-0.03482164451472212,-1.2575038625470332
1726406914896192300,20.107192138671873,2.9686014096886204,-0.8022252791169803,0.09103515967330925,2.7896707723714305,0.58907282169861,-0.033770956240000934,-1.2573834768966454
1726406914906190000,20.117190185546875,2.967056407080878,-0.8025318612055656,0.0895476508915175,2.7923649406281434,0.5889655604820347,-0.0323038012009086,-1.2568189716418532
1726406914916188200,20.127188232421876,2.9654207919714466,-0.8029815536357362,0.08771193415442001,2.7959390711110457,0.5887245367039114,-0.030505519242341458,-1.255876718390977
1726406914926185200,20.137185302734373,2.963980203003128,-0.8036121173164894,0.08569850847583872,2.800215522421209,0.5882598001248154,-0.028526628937662647,-1.2543740934132406
1726406914936183300,20.147183349609374,2.9629037238038656,-0.8044257567110702,0.08367557751847018,2.8049094943951984,0.5875325609063532,-0.026514397949628187,-1.2522441663519608
1726406914946181400,20.157181396484376,2.962181960304608,-0.8053869050195567,0.08169985089981398,2.809848318503355,0.5865794698478636,-0.024527302196178085,-1.2495879220769044
1726406914956178200,20.16717822265625,2.9617372778803888,-0.8064524242454365,0.07966872379070922,2.8151888321270597,0.5854749874564766,-0.022506644562267353,-1.246582913395581
1726406914966176300,20.17717626953125,2.9611716754931043,-0.8075722534770119,0.07750040992231197,2.8208057104780284,0.5843002129168348,-0.020346044056064817,-1.2434002946440634
1726406914976174000,20.187174072265623,2.960561141246831,-0.8087354098355932,0.07527684064202465,2.8265476106601986,0.5830540033257294,-0.018122279274370386,-1.240053000633097
1726406914986172200,20.197172119140625,2.960065540819024,-0.8099192798711079,0.07291150541640108,2.832719182643741,0.5817769214435959,-0.015822179858693435,-1.2366539685244609
1726406914996169200,20.207169189453126,2.9598466152561853,-0.8111375903985513,0.0705309478154243,2.839137315150522,0.5804285856797744,-0.01355866699968638,-1.233121404706261
1726406915006167300,20.217167236328127,2.959987868911487,-0.8123993180209093,0.06819611998150328,2.8457170283270283,0.5789879153367985,-0.011388005691823978,-1.2294117117595054
1726406915016165400,20.227165283203124,2.960570966548301,-0.8136893942192363,0.06604191670617719,2.8521768425050675,0.5774592656603025,-0.009428174074873445,-1.2255445405236023
1726406915026162200,20.237162109375,2.961189500726422,-0.814915737720346,0.06412165787316007,2.8580414499776907,0.5759703682664068,-0.007675611580512026,-1.2218075566715192
1726406915036160300,20.24716015625,2.9616543175500465,-0.8160783358001168,0.06247557609502388,2.8630856218182723,0.5745220050790124,-0.006114792697391322,-1.21818465580902
1726406915046158300,20.257158447265624,2.961951658322534,-0.8171711328092434,0.06085872818763415,2.8678872995089035,0.5731549487644668,-0.0045795974528276195,-1.2147686249564493
1726406915056156200,20.26715625,2.9621189192330863,-0.8181981295966415,0.05918621106926823,2.8726809300514766,0.571873848799933,-0.003017879610660709,-1.2115710580016457
1726406915066153200,20.2771533203125,2.962790949734009,-0.8192650900232801,0.0575753594484194,2.8776893577534968,0.570514984741868,-0.0015966223546077045,-1.2082305101467123
1726406915076151000,20.287151123046876,2.964421093870002,-0.8203823042076844,0.05620711540657785,2.8827903208862713,0.5690460119791069,-0.0005344525426772076,-1.2046965648317616
1726406915086149000,20.297149169921877,2.9664186797394905,-0.821531420170938,0.05509950113345297,2.887520865716368,0.5674946679311922,0.0002754825285440633,-1.2009946474220596
1726406915096146400,20.307146484375,2.9685553713623594,-0.8226908628612717,0.054057027239610304,2.89217837355691,0.5659122670299647,0.0010025481098063327,-1.1972341992016722
1726406915106144300,20.317144287109375,2.970776706134605,-0.8238486344647319,0.05282277664846311,2.8973316483818063,0.5643403092581246,0.001822023805462062,-1.1935146842682416
1726406915116142300,20.327142333984376,2.9729967339025913,-0.8248795778416772,0.051387749221309044,2.9028685741381737,0.5629614986971821,0.0027044276888940756,-1.190279844505095
1726406915126140200,20.33714013671875,2.9752471536873935,-0.8256709149859591,0.04989062585078286,2.908416855658997,0.5619308262171525,0.003506431752088652,-1.1879095493990857
1726406915136137200,20.34713720703125,2.9775929133579733,-0.82622332400467,0.048456085040926106,2.9137298977055006,0.5612396439286481,0.004137233346912743,-1.1863803772633448
1726406915146135300,20.35713525390625,2.9799641652976545,-0.826636553395591,0.04729298813160187,2.918325687047485,0.5607273125504673,0.004521926197605621,-1.1852887156623504
1726406915156133000,20.367133056640625,2.982308808787563,-0.8269002862705007,0.04647114024234356,2.922000859637128,0.5604061721127523,0.00462563935784917,-1.1846574890125536
1726406915166130400,20.37713037109375,2.9849577209626035,-0.8270593717466663,0.04573459690260085,2.925615639965682,0.5602324270124077,0.004560119461623173,-1.18440191514923
1726406915176128300,20.387128173828124,2.9877429761697,-0.8272240908031951,0.04501112833832748,2.9292921147587823,0.5600485605857785,0.004455946477787214,-1.1841269406335493
1726406915186126300,20.397126220703125,2.990815971775633,-0.8274673058548662,0.044171616202381726,2.9334778375313446,0.5597566300957555,0.0043902970305730446,-1.1836037629908465
1726406915196124400,20.40712451171875,2.9941885120660654,-0.8277324384137711,0.043249715641137325,2.938068657344402,0.5594370344420551,0.00431562739234896,-1.1830276026163742
1726406915206121200,20.417121337890624,2.9971638663418143,-0.827919288061712,0.04218524392861666,2.9426925721284527,0.5592412056245272,0.004395686865046093,-1.182729484657652
1726406915216119300,20.427119384765625,2.999650048208417,-0.828034949210069,0.04102885282384331,2.9471734185786045,0.5591541368229117,0.004622997313751631,-1.1826678788696903
1726406915226117000,20.4371171875,3.0019805184070893,-0.8281379319259718,0.039895363969227396,2.9514895104686043,0.5590814474460264,0.004866885577893906,-1.1826303412224735
1726406915236114200,20.4471142578125,3.0046199974052574,-0.8282097073937014,0.03881043921216446,2.9558811832206353,0.5590504012188725,0.0049970486493208606,-1.1827077297556738
1726406915246112000,20.457112060546876,3.0075560640514776,-0.8282161924518882,0.037669160395614104,2.960576541905808,0.5591183520505035,0.005074998650577463,-1.183039084346665
1726406915256110000,20.467110107421874,3.0105686419141153,-0.8281037016676515,0.03639870024646373,2.9655813779595808,0.5593679245942171,0.005184162995920641,-1.1838133987017034
1726406915266108200,20.477108154296875,3.013380640901666,-0.8278971494647475,0.034832977950604145,2.971124024360709,0.559770110262062,0.005509556039001106,-1.1849501959989042
1726406915276105200,20.487105224609376,3.015631459862477,-0.8275517037631687,0.03298696777335534,2.9769118732441537,0.560386140245675,0.006113423143380618,-1.1865832547582222
1726406915286103300,20.497103271484374,3.016947824289004,-0.8271433377640385,0.031114238842405793,2.9821206566347365,0.5610862543342598,0.006937735401465911,-1.1883803466058587
1726406915296101400,20.507101318359375,3.0174341771774276,-0.8266808707671329,0.029419946803230797,2.9863288849316345,0.5618468544608591,0.00782293192740522,-1.1902875328262437
1726406915306098200,20.51709814453125,3.017966572451261,-0.8263706552718915,0.028170378715548523,2.9895671932911765,0.5623581286100251,0.00844953088603325,-1.1915838539335133
1726406915316096300,20.52709619140625,3.0185783483060233,-0.8261040965060831,0.027546425314916745,2.9913744793806996,0.5627774469660312,0.008653778030733106,-1.1926449685772027
1726406915326094000,20.537093994140626,3.0189181334459074,-0.8257240424462277,0.027321807171407742,2.9919925539405363,0.5633463566309928,0.008619909712806146,-1.19404909465521
1726406915336092200,20.547092041015624,3.018999618366251,-0.8252377731337092,0.027119238658249605,2.992341118058581,0.5640684243946007,0.008599733114156051,-1.195815664082126
1726406915346089200,20.557089111328125,3.0186784093512657,-0.8247235607964045,0.026999230694464513,2.9922065565093967,0.5648255547113622,0.008606192539162883,-1.1976505262121366
1726406915356087300,20.56708740234375,3.018216238446209,-0.8242359334982934,0.02703531464649502,2.991609483238862,0.5655363316449782,0.008545551006452514,-1.1993646370371678
1726406915366085400,20.57708544921875,3.017895273323037,-0.8238134943344112,0.027251725833987318,2.9906982716902832,0.5661440381246322,0.008349216268837686,-1.200828931797942
1726406915376082200,20.587082275390625,3.017804985046287,-0.8234181827693706,0.02773426274501102,2.989311534478968,0.5667013424435192,0.007928273801514984,-1.2021738915145106
1726406915386080300,20.597080322265626,3.01799485101775,-0.8230184429342493,0.02835313612866999,2.987783978674912,0.5672589227762441,0.007350794008931379,-1.2035296530834612
1726406915396078000,20.607078125,3.017869651979571,-0.8226291953871936,0.029241965712487335,2.9853916765158286,0.5677865830277835,0.006661044818200004,-1.2047955749844186
1726406915406075100,20.6170751953125,3.0177269850008988,-0.822267986850289,0.030594876748690394,2.9818754755186085,0.5682492529809993,0.005666135043509173,-1.2058968248273565
1726406915416073200,20.6270732421875,3.01783910894561,-0.8218281951954346,0.032386364816263453,2.97743915772825,0.5687978814446925,0.0042919377356763185,-1.2072179716487275
1726406915426071000,20.637071044921875,3.0190555678470044,-0.8213859895872277,0.03437629166012817,2.973278989188415,0.5693301444851966,0.002539624400554268,-1.2085552557205315
1726406915436069400,20.6470693359375,3.0205224380752784,-0.8208535663203033,0.036387106004309624,2.969202279581609,0.5699780956164158,0.0006904097818632976,-1.210200777349487
1726406915446066200,20.657066162109373,3.0222776972395553,-0.8201414088688374,0.03828054323552874,2.965531910657944,0.57087770773337,-0.0011973012953485419,-1.2124912638393035
1726406915456064300,20.667064208984375,3.023722333400912,-0.819140518720588,0.04001543001089921,2.9619072797031087,0.5721876045108557,-0.0030007898551235234,-1.215789909246001
1726406915466062300,20.677062255859376,3.0242916141062857,-0.8177401035335636,0.0414012322917167,2.9583464758828293,0.5740791180062323,-0.00450727315008999,-1.2204918011466572
1726406915476059100,20.68705908203125,3.0237726553703284,-0.8159072428368306,0.0421188013299672,2.955451500986393,0.5766208201962258,-0.005469288143246315,-1.2267540710172853
1726406915486057200,20.69705712890625,3.022385182661621,-0.8137178216967036,0.04211839767559877,2.9535212379677236,0.5797024151735194,-0.005878793569216384,-1.2343190121910683
1726406915496055000,20.707054931640624,3.0202721180465018,-0.811345839442809,0.04172295784739841,2.951940012244068,0.5830453744223874,-0.005936435990084557,-1.242516174656364
1726406915506053000,20.71705322265625,3.017496236514802,-0.8090461467447706,0.04130381333829965,2.949950060655693,0.5862629791808207,-0.005838014767116037,-1.2503974622046283
1726406915516050400,20.727050537109374,3.014490007842302,-0.8070632938839566,0.04097726200804589,2.947681304562413,0.5890139909904383,-0.005675145988341089,-1.257128444909447
1726406915526048300,20.73704833984375,3.012156339713507,-0.8055849932547917,0.040587945929707686,2.9462627470427543,0.591063306667766,-0.005443802569394977,-1.2621490731130343
1726406915536046300,20.74704638671875,3.0108760283513667,-0.8047301555147628,0.04012639109985807,2.946068075864057,0.5922606918189167,-0.0051575294071699454,-1.2650879194326787
1726406915546043100,20.757043212890625,3.011117978856744,-0.8045129998779024,0.039745782611328925,2.9470812426810347,0.5925825589468415,-0.0050022306551825895,-1.2659009983353826
1726406915556041200,20.767041259765627,3.012513203714204,-0.8049413462269337,0.03933780912709669,2.9493025924313456,0.5920291823333952,-0.004828564045427798,-1.2645681638546757
1726406915566039300,20.777039306640624,3.0146114552378016,-0.8059551697376787,0.03898929638515341,2.9521506974798695,0.5906728704402217,-0.004642096892801795,-1.2612559827498107
1726406915576036000,20.7870361328125,3.0167397923709647,-0.8073896178358744,0.038795005089929495,2.9548157190427307,0.5887250996397997,-0.004445375440349369,-1.2564735738495119
1726406915586034200,20.7970341796875,3.018639874811853,-0.809042330060513,0.03859529728830078,2.9574073323071475,0.5864673457019055,-0.004143387512757185,-1.2509178756889139
1726406915596032300,20.8070322265625,3.02044412868419,-0.8107705859423351,0.038151005918446786,2.9605423112106544,0.5841082347762019,-0.003639394372379166,-1.2451159119801298
1726406915606030300,20.8170302734375,3.022326938904867,-0.8124184329818179,0.037532199481203045,2.9641036809740773,0.5818574608836357,-0.0030689008474289975,-1.239599425234763
1726406915616027100,20.827027099609374,3.0244637173217748,-0.8138641423906303,0.03675925363094331,2.968113808685363,0.5798858495964677,-0.0025199869244432282,-1.2347987431354421
1726406915626025200,20.837025146484375,3.0264410855305566,-0.8150438555704019,0.035759401517743414,2.97243331185226,0.578291767451504,-0.0018752361304619615,-1.2309335482011463
1726406915636023300,20.847023193359377,3.027937016471835,-0.8158958843303089,0.03449925049206833,2.9768988999683987,0.5771677246030193,-0.0010581392224978273,-1.2282146003469518
1726406915646020000,20.85702001953125,3.0286879067502546,-0.8164280281867055,0.03309871750267547,2.981046304748379,0.576497864572884,-0.00008817479729597875,-1.2265908676274475
1726406915656018200,20.86701806640625,3.0285666157680717,-0.816691709078675,0.031918623976427814,2.9839366112361607,0.5761901661326022,0.0008313065540434574,-1.2258286826119003
1726406915666016300,20.877016357421876,3.028228585458778,-0.8166704872779615,0.03134343124783047,2.9850912843316286,0.576250892285145,0.0012953490391097887,-1.2259665048342319
1726406915676013300,20.887013427734374,3.0278448564746734,-0.8164985126054987,0.031247264497703032,2.984989227545237,0.5764997212318381,0.001393780216854631,-1.2265652633834339
1726406915686011400,20.897011474609375,3.0269120227409543,-0.8163244737140333,0.03140149831984788,2.9838909673597853,0.5767377189383855,0.0014313600434327366,-1.2271142014106322
1726406915696009200,20.90700927734375,3.025721841408918,-0.8161877365924763,0.03181062777148355,2.9820051988431198,0.5769088888254396,0.0013550200380574985,-1.2274864797584715
1726406915706007300,20.91700732421875,3.0244348853914502,-0.8160784709721133,0.03233718482006689,2.9797757373556,0.5770345704750361,0.001224378263823966,-1.2277423060181845
1726406915716004000,20.927004150390626,3.0233081741497587,-0.8159029056040877,0.0329631284459441,2.977389144620951,0.5772477065451738,0.0009714469513174659,-1.2282192622676735
1726406915726002200,20.937002197265624,3.0223318194768694,-0.8155384941949417,0.033597224482519665,2.9750093425443356,0.5777263537219475,0.0006247051131482383,-1.2293584698649624
1726406915736000300,20.947000244140625,3.021502255580804,-0.8149238001910701,0.03422076202497596,2.9726516154407587,0.5785569933237876,0.00017776860520470755,-1.231375218607364
1726406915745997300,20.956997314453126,3.020384543586279,-0.8140619771437188,0.03489487348737869,2.969858205395568,0.5797287442560561,-0.0003241982139715102,-1.2342260328185681
1726406915755995400,20.966995361328124,3.0187466306217905,-0.813023439439108,0.03555126823459893,2.9666553029956817,0.5811439243603679,-0.0007689439049551917,-1.2376616842903339
1726406915765993200,20.9769931640625,3.017030763035676,-0.8118713359670309,0.036198731147117094,2.9633567410414634,0.5827117611450714,-0.0012366916749121304,-1.2414794539068639
1726406915775990300,20.986990234375,3.015342707450707,-0.8106831130751111,0.036666322654949894,2.960487733367141,0.5843337299631846,-0.0016050825586051648,-1.2454393478197627
1726406915785988400,20.99698828125,3.0136791754885848,-0.8095313769670623,0.03705215432525954,2.9578391424867267,0.5859030075278134,-0.0019185146255068068,-1.2492754615307275
1726406915795986200,21.006986083984376,3.011273324704782,-0.8082974375034725,0.037440481041263046,2.954599061533917,0.587578888579441,-0.0021252414951093775,-1.2533517228088942
1726406915805984300,21.016984375,3.0085193880112997,-0.8071010186661728,0.037720569627578526,2.951371834660143,0.5892032345309635,-0.002187995318863806,-1.2572901419610318
1726406915815981000,21.02698095703125,3.004756079232905,-0.8059451004704963,0.037853239645771114,2.9477733545743083,0.5907756458371106,-0.0019520145629581093,-1.2610576446242832
1726406915825979100,21.036979248046876,3.001244688301801,-0.8049085726747158,0.03772457277257727,2.9450367153587065,0.5921964563395228,-0.0015499886226287803,-1.2644604740304348
1726406915835977500,21.0469775390625,2.997272608540521,-0.8038109701254053,0.03752908051420544,2.942079451029116,0.5936989021129488,-0.0010472028949943218,-1.268052313327927
1726406915845974800,21.056974853515626,2.992794665773993,-0.8026605778631888,0.03740872064156373,2.938517221450583,0.5952614528023787,-0.0005384012164013213,-1.2717778375544078
1726406915855972600,21.06697265625,2.9877769573334994,-0.8014601865057478,0.037506949783548314,2.933965302474498,0.596870901093012,-0.0001253980383887701,-1.2756030597334598
1726406915865970700,21.076970703125,2.9827250656290247,-0.8002903030881464,0.037879777802311096,2.9286938350450415,0.5984150058255063,0.00008370124076986074,-1.2792658550006026
1726406915875967700,21.0869677734375,2.9776209818266297,-0.7992299016816693,0.038325540374107105,2.923231265338056,0.5998022592524811,0.00026966318224065666,-1.2825333363655356
1726406915885965600,21.096965576171876,2.973078146421245,-0.7983283509809189,0.03877695842166459,2.9182330308059767,0.6009725654977623,0.0003949280932054776,-1.285279611430686
1726406915895963600,21.106963623046877,2.9691893592215575,-0.7976074314881183,0.03911522667366165,2.914085416029566,0.6019069882950759,0.0005460938054972961,-1.2874606231623207
1726406915905961700,21.116961669921874,2.966938204440051,-0.7970266852833965,0.03963439117585661,2.910780253701051,0.602642065057404,0.0003227969090886246,-1.289217875536777
1726406915915958500,21.12695849609375,2.9653855778903564,-0.7965339141637366,0.040227655883912035,2.9078580554123947,0.6032541240139571,-0.00004663223327347604,-1.2906988268538993
1726406915925956600,21.13695654296875,2.964175303544673,-0.7960914110162476,0.04085857696758573,2.905123667040381,0.6037953576561319,-0.00048624465382939117,-1.2920179770154963
1726406915935954700,21.14695458984375,2.9631985583436884,-0.7956916107649091,0.041449028436703755,2.9026866353964524,0.6042814284593695,-0.0009214400172235679,-1.2932101514330994
1726406915945951700,21.15695166015625,2.962055418052102,-0.7953373195841656,0.04191400595178785,2.9004606109395157,0.6047150752536469,-0.0012176162896760903,-1.2942604663691013
1726406915955949600,21.166949462890624,2.9608453536968344,-0.7950359074737043,0.042240388123696994,2.8985578922283897,0.6050882340671772,-0.0013788072109720579,-1.2951527214549872
1726406915965947600,21.17694775390625,2.9597711111981466,-0.7947925217257712,0.042294176535252234,2.897467752396594,0.6054043213661561,-0.0013384426363891803,-1.2959056237860656
1726406915975944700,21.18694482421875,2.959293486507328,-0.7946258305837821,0.04216924887223969,2.8973164264568423,0.6056319534275929,-0.0012365840181238045,-1.2964624938242668
1726406915985942500,21.196942626953124,2.961528725048583,-0.7947905904740513,0.041760551503987844,2.9001145641366017,0.6054440996987175,-0.0012501100372219842,-1.2960975771464984
1726406915995940600,21.206940673828125,2.9650831255533348,-0.7950721241494549,0.04121476307309888,2.904313802782652,0.6051115485412774,-0.0013424607335272654,-1.2954287081997802
1726406916005938400,21.2169384765625,2.9688084574500735,-0.7954445140195072,0.04072622780766459,2.908547859918654,0.604654682678458,-0.001471957673442038,-1.2944487553835171
1726406916015935700,21.226935791015624,2.972374919426382,-0.7959215291235404,0.040299315877340945,2.9125627167396058,0.6040550045595547,-0.0015810200520475532,-1.2930951599270644
1726406916025933800,21.236933837890625,2.975227098847272,-0.7963961454139625,0.03999788500698993,2.9157203353030585,0.603448963558901,-0.0016645466617982582,-1.2916899550443137
1726406916035931600,21.246931640625,2.977246414610779,-0.7967204641050898,0.03978387314323414,2.9179464663121433,0.603034548206826,-0.0017309808092371814,-1.290732004450084
1726406916045928700,21.2569287109375,2.9790207013886705,-0.7968520952043616,0.03965420912768536,2.919670139392573,0.6028688026833456,-0.001895114100717268,-1.2903963861828374
1726406916055926500,21.266926513671876,2.9807143492003507,-0.796766926630619,0.03974134558059677,2.9206755108211575,0.6029742682790591,-0.0022907175565847256,-1.290747637262111
1726406916065924600,21.276924560546874,2.9812687641878117,-0.7964675772619976,0.04030998618866919,2.919515084086236,0.6033291869553439,-0.002925080020765045,-1.2916829777877878
1726406916075921400,21.28692138671875,2.981689971944731,-0.7960338892761843,0.041141863438428856,2.9175269563374253,0.6038402235337245,-0.003783612553659835,-1.2930138248462635
1726406916085919700,21.296919677734376,2.9821735482725433,-0.795613151861578,0.042070355126241056,2.915352053993912,0.6043240555283426,-0.004720012106934434,-1.2942841788307704
1726406916095917800,21.306917724609374,2.983422947896028,-0.795315475596067,0.042962523412402566,2.9139111981139587,0.6046444314203019,-0.005713913208328305,-1.2951780236361639
1726406916105914600,21.31691455078125,2.9847870079538317,-0.7951109270649289,0.044000036468916294,2.912247649748779,0.6048276918664874,-0.006797589069925038,-1.2957344816313294
1726406916115912700,21.32691259765625,2.986476542476932,-0.7949718354801721,0.04509510130697769,2.910723182344565,0.6049156207533557,-0.007953349620778512,-1.2960685262288743
1726406916125910800,21.336910888671873,2.9894793120163463,-0.7949731786673057,0.04599489178751637,2.910751685249654,0.6048293803806543,-0.009135135731677202,-1.2960225724263224
1726406916135907600,21.346907470703126,2.993068424663196,-0.7951018037577041,0.046588077494811246,2.9120528064563294,0.604598923734428,-0.01014177328202208,-1.2956312597325925
1726406916145905700,21.35690576171875,2.996144677106881,-0.7953260773204972,0.04688388942239971,2.9137553214234404,0.6042695456359268,-0.01080465689167783,-1.2949527459917904
1726406916155903500,21.366903564453125,2.9979292246400187,-0.7956306159259736,0.047082789471629125,2.914765459049135,0.6038468697710133,-0.011143700985442956,-1.2939692956913595
1726406916165901600,21.376901611328126,2.9989974074673915,-0.7960013139137136,0.047223944631817324,2.9154125088643243,0.6033442925502815,-0.011292216779471115,-1.2927453102849984
1726406916175898600,21.386898681640623,3.000071854738078,-0.7963684951096163,0.0473126551485677,2.9161907635701922,0.6028505386749371,-0.011405814979922897,-1.2915434119812341
1726406916185896700,21.396896728515625,3.0016693208313687,-0.7967044639225576,0.047311575160906436,2.917565739786462,0.6024034697204597,-0.011558106330672214,-1.2904827460494053
1726406916195894800,21.406894775390626,3.003223545581229,-0.7969046558059979,0.04724505390340605,2.9189985694996,0.6021410357673249,-0.01170709677191762,-1.2898886272953938
1726406916205891600,21.4168916015625,3.0048151591201355,-0.7969569408095505,0.046958743289162885,2.9209279331708458,0.6020931761206804,-0.011756890001195022,-1.289833279081268
1726406916215889700,21.4268896484375,3.0066689737482815,-0.7969322498434772,0.04630284508522359,2.923932017611628,0.6021795791950088,-0.011609318868271486,-1.2901179455669607
1726406916225887500,21.436887451171874,3.008842233263223,-0.7969440360616181,0.04545355569303517,2.927674833148716,0.6022334590789952,-0.011361448570496166,-1.2903267549561415
1726406916235884500,21.446884521484375,3.0103463897675455,-0.7970239655163865,0.04470533951838613,2.9306989491182325,0.6021895297110186,-0.0110460257229665,-1.290258278732523
1726406916245882600,21.456882568359376,3.010837329644934,-0.79717982678129,0.044052875785050405,2.9327618145872227,0.602039257109465,-0.010597244367224857,-1.2898763092805985
1726406916255880700,21.466880615234373,3.010644047071982,-0.7974518140003383,0.043243687164873035,2.934755956082486,0.6017500780585174,-0.009873196372267651,-1.2891072780307575
1726406916265877800,21.476877685546874,3.010595429790836,-0.7978491028673125,0.042208944962271906,2.937477016638945,0.601310868545158,-0.008966023696033857,-1.2879593841190324
1726406916275875600,21.48687548828125,3.0112235080826935,-0.798369402477766,0.04105691989099607,2.9410509356714445,0.600712708061359,-0.008051822452208772,-1.2864401079660879
1726406916285873700,21.496873779296877,3.0127613266532403,-0.7989954284530314,0.03971892294102077,2.945809218047571,0.5999816796723463,-0.0071308376275334455,-1.2846251050814088
1726406916295871700,21.506871826171874,3.014777668765075,-0.7996998672687433,0.03832864848093079,2.951080188711334,0.5991427392267833,-0.00623777930855875,-1.2825606971424655
1726406916305868500,21.51686865234375,3.0167613856454993,-0.8003864568660713,0.03708581791865459,2.9559423380360164,0.5983113158256084,-0.005461044516302055,-1.280522726232216
1726406916315866600,21.52686669921875,3.018622766081657,-0.8009639945213317,0.035958847191890915,2.9603687840636157,0.5976124566706622,-0.004788992305119099,-1.2788188354068062
1726406916325864400,21.536864501953126,3.020148529061926,-0.8013829110298455,0.03479440344183688,2.9645639536822816,0.5971248361710105,-0.00408333181998342,-1.277636151827743
1726406916335861800,21.54686181640625,3.0213091237455902,-0.8017131290418719,0.03348923109563189,2.9687955249655555,0.596761324711694,-0.0032386775008344535,-1.2767524894539242
1726406916345859600,21.556859619140624,3.0222654781212657,-0.8019967280573378,0.03219610160081943,2.972823882244631,0.5964552780974837,-0.002381781561764859,-1.2760082353373998
1726406916355857700,21.566857666015625,3.023428474735087,-0.8022545485379426,0.031127275756396327,2.9764364813607873,0.5961674684096451,-0.0017360835171911907,-1.2753222628949148
1726406916365854700,21.576854736328126,3.0248075997767963,-0.8025935310446173,0.03021562148133264,2.97984944729374,0.5957593408172874,-0.0012233601657497925,-1.2743447909119703
1726406916375852500,21.5868525390625,3.0257813254725017,-0.8030475672458287,0.029247850457959586,2.9831441648159798,0.5951964064981672,-0.0005652339791041339,-1.2729649572865105
1726406916385850600,21.5968505859375,3.026053328938455,-0.8036405602251537,0.0282452214865113,2.986058559793131,0.5944441753808901,0.0002834653358022792,-1.271088824260188
1726406916395847700,21.60684765625,3.026004992792594,-0.8043846362221792,0.027137592450429925,2.9890519057422638,0.5934873781044526,0.001306804055458639,-1.2686947800913269
1726406916405845800,21.616845703125,3.025838521754624,-0.805211367961725,0.02623533488981238,2.9914785481762696,0.592403127024896,0.002221970425309731,-1.2659826124123015
1726406916415843800,21.62684375,3.0257996167157093,-0.8060656306558528,0.025704307489277847,2.9930885450909446,0.591260908567974,0.0028482386772853002,-1.2631329293304683
1726406916425840600,21.636840576171874,3.0258430497327407,-0.8069321880715635,0.025467995295580758,2.994033524580899,0.5900859633819785,0.0032468679304221942,-1.260206042726728
1726406916435838700,21.646838623046875,3.0261605922636865,-0.8077578384647888,0.025241446784288257,2.995136027860889,0.5889629432730353,0.003573383653624081,-1.2574209963434673
1726406916445836500,21.65683642578125,3.027233000081098,-0.8085094519010518,0.024913936395686415,2.9970023821370693,0.5879432204598735,0.0038045189712725275,-1.2549239188005803
1726406916455833600,21.66683349609375,3.0290134568737304,-0.8091637350055463,0.024459020084997726,2.9996513030228864,0.5870606244328808,0.003959466942147923,-1.2527963057009872
1726406916465831700,21.676831787109375,3.0307098919620805,-0.8097334357207955,0.024091129268987186,3.00198745723803,0.5862892746580204,0.004041161215972346,-1.2509423599742167
1726406916475829500,21.68682958984375,3.032209949681592,-0.8101763654287584,0.023752855810157004,3.004058233739847,0.5856904024299066,0.004103534003616142,-1.2495103300727604
1726406916485827600,21.69682763671875,3.033572200613589,-0.8104876929873508,0.023394003840159005,3.006029997483722,0.5852734807961196,0.0041716180239834925,-1.2485257514981116
1726406916495824600,21.70682470703125,3.0350756953402698,-0.8107279547244858,0.02293061077548731,3.0083325951344593,0.5849582207039056,0.004267013318229821,-1.2477989260633338
1726406916505822700,21.71682275390625,3.037002203254125,-0.8109972206739527,0.022363128399408183,3.011202050377534,0.5846061319504374,0.004358743702493087,-1.2469954830805536
1726406916515820800,21.72682080078125,3.0383496027783377,-0.8113270975862642,0.021926307708126737,3.0133527188937634,0.5841639163483844,0.004483935556188388,-1.2459487868297543
1726406916525817600,21.736817626953126,3.039730622085497,-0.8117569934578001,0.021641745382686803,3.0151838091507224,0.5835767610419454,0.004515386760444959,-1.2445424019436124
1726406916535815700,21.746815673828124,3.0412919459447942,-0.8122088439518045,0.021623146130481125,3.0164946090741465,0.5829499316193179,0.004324143927701876,-1.2430405235301165
1726406916545813500,21.7568134765625,3.0429302411125865,-0.8126004196458181,0.02189020120669419,3.017136632716092,0.5823970008945227,0.003898190355219854,-1.2417205586316002
1726406916555810800,21.766810791015626,3.0446096652088523,-0.8128578697915122,0.02228784257496744,3.017442270941278,0.5820259951058074,0.003338992941943876,-1.2408507672978133
1726406916565808600,21.77680859375,3.0462547293409057,-0.8129431765435731,0.02263794765090803,3.017783858010601,0.5818962752777257,0.002780453451395252,-1.2405772341126886
1726406916575806700,21.786806640625,3.047596859083442,-0.8128804877285638,0.022905863966961433,3.0180640815726663,0.5819754141714397,0.0023073777094904345,-1.2408113515092867
1726406916585803800,21.7968037109375,3.049199584063275,-0.812685538806119,0.023145932171951808,3.0185577663528327,0.5822400265419206,0.0017727251432013934,-1.2415120818641823
1726406916595801600,21.806801513671875,3.0510412333205923,-0.8124041101281558,0.023446332208784466,3.0190490185743473,0.5826221636401345,0.0011294366104894265,-1.2425101876176199
1726406916605799700,21.816799560546876,3.0530150885803296,-0.8120496621818589,0.02390099972175339,3.0192364837168983,0.5830985513874659,0.0003356829216183711,-1.2437455934717991
1726406916615796500,21.82679638671875,3.055131725779297,-0.8116228360412566,0.024587363526475888,3.0189385915160094,0.5836638254511924,-0.0006652974114327521,-1.2452073432471513
1726406916625794600,21.836794677734375,3.0575965483016123,-0.8111019434410371,0.025537694569179908,3.0182175020667383,0.5843437977780884,-0.0019415160063121213,-1.2469671901749493
1726406916635792600,21.846792724609376,3.0603528989177526,-0.8105434047767957,0.026688461770306655,3.0172065049468606,0.5850600984005109,-0.0034238321422989182,-1.248832904886468
1726406916645789700,21.856789794921873,3.0627848843931305,-0.8099782902884478,0.027941986161197946,3.015711582623363,0.5857731897651826,-0.004915394284106145,-1.2506895531195539
1726406916655787800,21.866787841796874,3.0644303458103117,-0.8094436638408007,0.029159609863109746,3.013748897735435,0.5864401110575089,-0.006220672359163,-1.2524146620684626
1726406916665785600,21.87678564453125,3.065311745465289,-0.8089849556267559,0.030185890100722156,3.011727379111327,0.5870093917659307,-0.007224806380719899,-1.2538760982499202
1726406916675783700,21.88678369140625,3.065592406193923,-0.8085432914757917,0.03112662130685551,3.0094857494365943,0.5875577285866032,-0.008048935322031348,-1.2552687413333514
1726406916685780500,21.896780517578126,3.0656064069103564,-0.8080591684773273,0.03215787963702936,3.00681351307564,0.5881555677562003,-0.00889768490694621,-1.256781885419333
1726406916695778600,21.906778564453123,3.0650533047468285,-0.8075246310963843,0.03335015606674582,3.0033145723924113,0.5888091244187745,-0.009767457862387793,-1.2584241382936419
1726406916705776600,21.916776611328125,3.0639365943721915,-0.8069388034060909,0.03469993556043301,2.9989965252271773,0.5895184935086706,-0.010659021032362668,-1.2601965455772524
1726406916715773700,21.926773681640626,3.0629696828389656,-0.8063378649935422,0.036228487715402144,2.99433507854496,0.5902282581052744,-0.011716706306399649,-1.26198576357185
1726406916725771800,21.936771728515627,3.061815412549401,-0.8057113158435032,0.0380919308884798,2.9886951338498577,0.5909395840719339,-0.012992603330652419,-1.2637923145970167
1726406916735769900,21.946769775390624,3.060369684763829,-0.8050923025524596,0.04037478128525932,2.981800788770098,0.5915956437541725,-0.014521580280154883,-1.2654763246632197
1726406916745766700,21.9567666015625,3.0583020809955803,-0.8045079229380732,0.042948039016621614,2.973736302772094,0.592167062458953,-0.01614262311887722,-1.2669500568315089
1726406916755764700,21.9667646484375,3.055409723072299,-0.8039875784691701,0.04563683336161953,2.9647945556496866,0.5926286159997363,-0.017683835247568128,-1.2681334206441532
1726406916765762600,21.976762451171876,3.051475980933788,-0.80353424866542,0.04844121901216664,2.9548187008821656,0.5929764899794083,-0.019102812520394922,-1.2690015696097119
1726406916775759600,21.986759521484377,3.0466563777919844,-0.8031705449421971,0.05135892764639063,2.9439410378431847,0.5931800441575683,-0.02041752715548563,-1.2694802116787087
1726406916785757400,21.99675732421875,3.04148668706659,-0.8029210540019521,0.054250067190877875,2.9329164208395975,0.593217930894789,-0.021614051090435044,-1.2695231319169373
1726406916795755500,22.006755615234376,3.0365192350815,-0.8027816255141702,0.05703512758331513,2.922352638498501,0.5931035138144206,-0.022733240265822262,-1.2691827205131654
1726406916805752800,22.0167529296875,3.0317027751536725,-0.8027474409157686,0.05964503945539384,2.9123861580687516,0.5928546987398746,-0.0237131384339728,-1.2684951856651752
1726406916815750700,22.026750732421874,3.0270353315645515,-0.802835589739423,0.06195951529838473,2.9033241171993103,0.5924675389086744,-0.024458034127031566,-1.2674387285187787
1726406916825748700,22.036748779296875,3.0225969381981472,-0.8030302391351415,0.06389444839992837,2.8954274751936224,0.5919786002437673,-0.024926566192809547,-1.2661022421531518
1726406916835746000,22.04674609375,3.0186112431377947,-0.8032856169765594,0.0655333774222753,2.8886325501832184,0.5914396625344589,-0.025236787825373294,-1.2646352701102983
1726406916845743900,22.056743896484374,3.015471356134959,-0.8035987298887594,0.06696516364271478,2.883005425867619,0.5908409241803685,-0.025527976866210205,-1.2630445511429116
1726406916855742000,22.066741943359375,3.0132898969916813,-0.8039766257332962,0.06808938299086283,2.878874274229701,0.5901882736988165,-0.025750681715316297,-1.261348433765586
1726406916865738800,22.07673876953125,3.0119465150426334,-0.8043984859868004,0.06903203030468653,2.875828251176208,0.5894935448865571,-0.02598181147170664,-1.2595825141989363
1726406916875736800,22.08673681640625,3.0116122672068166,-0.8048623547916303,0.0699242360844129,2.8736664131443392,0.5887384067271989,-0.026349202364819937,-1.2577234141623654
1726406916885735000,22.09673486328125,3.012056362618051,-0.805365280580078,0.07088356457666453,2.8719297758404805,0.5879107029803495,-0.026893982801880753,-1.2557383632533177
1726406916895732000,22.10673193359375,3.013119611455233,-0.8058761531475688,0.07182607836805681,2.870687440726563,0.5870656052052584,-0.02754180657053127,-1.253751219355976
1726406916905730000,22.11672998046875,3.0144726868987703,-0.8062941204693153,0.07266766127418073,2.869848122672408,0.5863558817194353,-0.0282139529480025,-1.2521203642158607
1726406916915728100,22.12672802734375,3.016172470461282,-0.8066061867997981,0.073238138958557,2.8698576662786492,0.5858263570926363,-0.02881071080923971,-1.2509457585777541
1726406916925725000,22.136724853515624,3.0185463914355504,-0.8068264898492555,0.07340104335035409,2.871290099517241,0.5854783619319923,-0.029297411793586046,-1.250238587968995
1726406916935723000,22.146722900390625,3.0217115135911135,-0.806991738343622,0.07321952824427831,2.874096183480036,0.5852517561127971,-0.029725715455448505,-1.24985747942371
1726406916945720800,22.156720947265626,3.0256281883105696,-0.807146738861219,0.07282058014643873,2.877963683949527,0.5850657451649752,-0.03015680524222872,-1.2496046692142733
1726406916955718100,22.16671826171875,3.030187606913589,-0.8073551777286554,0.07230808643886778,2.8825949314648582,0.5848177577552778,-0.03061608270839307,-1.2492215533541677
1726406916965716000,22.176716064453124,3.0349498064720453,-0.8076830870146803,0.07162558084741626,2.8878417150475513,0.5844309638746508,-0.030955088195358107,-1.248480407749138
1726406916975714000,22.186714111328126,3.0399014063266416,-0.8082118381616764,0.0706545043838376,2.8940166965139826,0.5838122043136302,-0.031063491614652064,-1.2471352939939786
1726406916985710800,22.1967109375,3.044074697010749,-0.8088787455973258,0.06948405362876635,2.9001705693427158,0.5830402239499054,-0.03084054819033248,-1.2453356964628715
1726406916995709000,22.206708984375,3.047338735521761,-0.8096350278711224,0.06810877943461553,2.9061978883447135,0.582181907006581,-0.030275733078904393,-1.243247590668705
1726406917005707000,22.21670703125,3.049776228270271,-0.8104254878981285,0.0665151199048283,2.9121662797299357,0.581310681777833,-0.02939461504666454,-1.2410618727538207
1726406917015703800,22.226703857421874,3.0513604474971174,-0.8112210459585972,0.06460589213350718,2.9182831448042794,0.5804784225424169,-0.02813286367812043,-1.2389048254161377
1726406917025702000,22.236701904296876,3.0524614256810283,-0.8119748963056922,0.062377560841063814,2.92480316674025,0.579741029566151,-0.026575317860047867,-1.2369401078569244
1726406917035700000,22.246699951171873,3.0532177958452333,-0.8126272693440785,0.05989773561387737,2.9316388059433423,0.5791662385812318,-0.024813069908075205,-1.2353547821568371
1726406917045697000,22.256697021484374,3.0535332431974687,-0.8131340687804804,0.05720684784721253,2.938609932737284,0.5788071246123764,-0.022864571452303695,-1.2342827318775476
1726406917055695000,22.266695068359375,3.0533439141423706,-0.8134844930889018,0.054519557915065166,2.9451500481739807,0.578649617862752,-0.02086420052611833,-1.2337029289237558
1726406917065693000,22.27669287109375,3.052916336428082,-0.8137276399249855,0.051939610583903305,2.9512184495202596,0.5786118319920565,-0.018920469985275926,-1.233431914475209
1726406917075691000,22.28669091796875,3.052582090017246,-0.8139730618578817,0.049537112368346625,2.9569227250698407,0.5785335094209184,-0.017116886171235315,-1.2330903952295234
1726406917085687800,22.296687744140623,3.052523652321019,-0.8142648663058939,0.04727082379413337,2.9625080639545267,0.5783592305453534,-0.015450457093090064,-1.2325435865852326
1726406917095686000,22.306685791015624,3.0525261735149254,-0.8145321181494931,0.045113757120340825,2.967860906555675,0.5781951329293434,-0.013879311145979548,-1.232041875064885
1726406917105684000,22.31668408203125,3.0525785931394127,-0.8147548169382854,0.043067193260995694,2.9729631403416934,0.5780708791309936,-0.012407349720313791,-1.231655275631381
1726406917115681000,22.326680908203127,3.052532289551657,-0.8149649534475545,0.04124333668749397,2.977448435945277,0.5779347745670518,-0.011073401055325888,-1.2312521577451103
1726406917125679000,22.33667919921875,3.052259971473023,-0.8151672147792977,0.039694208286180685,2.9811018109356837,0.5777794767808271,-0.009886489044318648,-1.2308082641014386
1726406917135677000,22.346677001953125,3.051768916708443,-0.8153729602953307,0.03840216011151154,2.98397545604913,0.5775934744841129,-0.008832944359913652,-1.2302927527662482
1726406917145674000,22.356674072265626,3.051326434881213,-0.815600240699628,0.0372545349870475,2.986538678017394,0.5773614363928393,-0.007884693143112867,-1.2296738319684382
1726406917155672000,22.366672119140624,3.0513115168968685,-0.8158656491194214,0.03620688902451167,2.989172102088452,0.5770633411701065,-0.007084937298312758,-1.2289142919602607
1726406917165670000,22.376669921875,3.051644074567383,-0.816162571058019,0.03540523760945736,2.9914604783717325,0.5766998151488879,-0.006521161232866698,-1.2280146744391873
1726406917175667000,22.3866669921875,3.052138366139798,-0.8164697182141654,0.035090335350664664,2.992679084483714,0.576286268782467,-0.006328008019202023,-1.2270083954141495
1726406917185664800,22.396664794921875,3.0526951439604018,-0.8167391567214127,0.0352110459953906,2.9928671604612194,0.5758954111738045,-0.006460635355151786,-1.2260690048187113
1726406917195662800,22.406662841796877,3.0540210583728338,-0.816916152592842,0.03543659707472197,2.993308112589667,0.5756261224850586,-0.006849076364312818,-1.2254609328004598
1726406917205660000,22.416659912109374,3.0558357922148347,-0.8169729910853847,0.03550384805713669,2.9944364832051633,0.5755363292158954,-0.0072591612816244695,-1.225309591960804
1726406917215658000,22.426657958984375,3.0574722570483583,-0.816923977951077,0.0353741616013816,2.995884325195856,0.5756103814162415,-0.0075210529001982435,-1.225549497091597
1726406917225656000,22.436656005859376,3.0587851290971195,-0.8168103467823868,0.03518039013176645,2.997240991744371,0.5757813975885623,-0.007686082009432133,-1.2260144678574618
1726406917235652900,22.44665283203125,3.0596135434089615,-0.8166195659088359,0.035002048806951944,2.998196248392751,0.5760615919618065,-0.007778770406363668,-1.2267302151828563
1726406917245651000,22.45665087890625,3.0593249811340986,-0.8162293847416138,0.034955181434035434,2.99798320631298,0.5766171000268447,-0.007778063402792004,-1.2280861900049915
1726406917255649000,22.46664892578125,3.059139253569117,-0.815737312080478,0.03476102671529552,2.998168684898808,0.5773254174317374,-0.007720038366489934,-1.2298195737835445
1726406917265646000,22.47664599609375,3.058417769494849,-0.8151438613859624,0.034388677809376614,2.9983781224290262,0.5781887868097512,-0.007451478505369935,-1.2319133002236742
1726406917275644200,22.48664404296875,3.0572837421820886,-0.8144922749237637,0.03395185793483488,2.998433218356959,0.5791370674569764,-0.007067901530101969,-1.234202992625825
1726406917285642000,22.49664208984375,3.055845473108742,-0.8138747497645121,0.033613554756684795,2.9980403142775116,0.580028735797091,-0.006685073812116243,-1.2363460610538164
1726406917295639000,22.50663916015625,3.054101564837158,-0.8133923671044565,0.033510949491549175,2.9968945488532848,0.5807144376315603,-0.006376279333394279,-1.2379761758189913
1726406917305636900,22.516636962890626,3.051996638169233,-0.8131221100214883,0.03384619441012278,2.99448762704136,0.5810747509556196,-0.006254313429888353,-1.2387977342935732
1726406917315635000,22.526635009765624,3.0497764527761158,-0.8130763607649973,0.03472898853685051,2.990733497907574,0.5810846319077131,-0.0064406773683006015,-1.2387575058917486
1726406917325632000,22.536632080078125,3.0482588401404307,-0.8131567671859187,0.036028470149359504,2.986505358510352,0.580886013669959,-0.007028703973526947,-1.238234974639884
1726406917335629800,22.5466298828125,3.047533851964462,-0.813274955660471,0.0375429523948382,2.9823316611495283,0.580613235015267,-0.00791543682900801,-1.2375663031738744
1726406917345628000,22.5566279296875,3.047102328226799,-0.8133056913897627,0.039011543787452495,2.9784496794966038,0.5804598553401128,-0.008850106696552932,-1.2372068929343076
1726406917355625000,22.566625,3.0469492772692233,-0.8132054201009359,0.0401861703519032,2.975436518808053,0.5805071747995738,-0.00966920316787365,-1.2373510051276897
1726406917365623000,22.576623046875,3.0471753881421177,-0.8130322073423291,0.04085478816157514,2.9739010649912565,0.5806934870179165,-0.010230234624564672,-1.2378421096703351
1726406917375621000,22.58662109375,3.0478989657286215,-0.8128281419501098,0.040992560434599624,2.9740039506734246,0.5809640622639245,-0.010528042912411537,-1.2385468441599126
1726406917385618000,22.596617919921876,3.0487059447176224,-0.8125846526671718,0.04080295258632297,2.9749520936603377,0.5813160700770099,-0.010623122132277016,-1.2394460802442182
1726406917395616000,22.606615966796873,3.049344323557295,-0.8122858671602319,0.04048032423480426,2.9760865563741326,0.5817564788236613,-0.010604746636331402,-1.24055371467032
1726406917405613800,22.61661376953125,3.0499326714736883,-0.8119810933230855,0.03993236057923584,2.9777358390236515,0.5822229846588053,-0.01041807546788356,-1.2417165906387708
1726406917415611100,22.626611083984375,3.0503616022664803,-0.8116869385472493,0.03910701532830331,2.9799558720201484,0.5826963383190416,-0.009999566655911382,-1.2428819598705465
1726406917425609000,22.63660888671875,3.050771715990158,-0.811457748018238,0.03809693429813999,2.9826401574845507,0.5830917652192296,-0.009427858649810335,-1.2438486105893143
1726406917435607000,22.64660693359375,3.0510873376640775,-0.8113648667934826,0.03698291842918685,2.985561393856626,0.583303757421395,-0.008726943320509762,-1.2443560372435054
1726406917445604000,22.65660400390625,3.051336272859331,-0.8115004649513272,0.03589392695689609,2.9884536121184087,0.583193734640286,-0.007971550110655593,-1.2440642383932525
1726406917455602000,22.666601806640625,3.052099102494276,-0.811863509604307,0.03502174781196637,2.9912592326849197,0.5827487499763497,-0.007415353803538813,-1.2429694297337166
1726406917465600000,22.67660009765625,3.0543557761001083,-0.8124162586935524,0.03438616572815172,2.994612204344039,0.5820175100506528,-0.007280451856305669,-1.2412265588533815
1726406917475596800,22.6865966796875,3.057507473853401,-0.8131328486014244,0.03402053185510001,2.997986971454376,0.5810348554075677,-0.007482492138813003,-1.2389000599792606
1726406917485595000,22.696594970703124,3.0610975010958503,-0.8139970191133036,0.03356182682144913,3.00193370331089,0.5798476214401735,-0.00768275505028405,-1.2360819200482933
1726406917495593000,22.706593017578125,3.0638959669639387,-0.8150359663296228,0.03266383682095053,3.0064278732678753,0.578441694226964,-0.007387429320379663,-1.2326890462729818
1726406917505590000,22.716590087890626,3.0656422601956663,-0.8162249822026988,0.031258377620335696,3.0114424027826194,0.5768513967212824,-0.006503152340366022,-1.2288016694049155
1726406917515588000,22.726588134765624,3.0665398438540747,-0.8174773233682542,0.02950218128975512,3.0167144127499,0.5751812934275754,-0.005199917637425604,-1.22469420213216
1726406917525586000,22.7365859375,3.067223652602489,-0.8186726558775639,0.027593423058237167,3.0221751360513025,0.5735848747613457,-0.003771462951098235,-1.220772786669309
1726406917535583000,22.7465830078125,3.0680395165661265,-0.8196700114885727,0.025668268551886093,3.027698297332166,0.5722554674456107,-0.002411518915568654,-1.2175224925578247
1726406917545580800,22.756580810546875,3.0690944790008583,-0.8205007468291818,0.02402801032988856,3.0326379126024405,0.5711386206269701,-0.0013419921993825538,-1.2148117940327692
1726406917555579000,22.766578857421877,3.070256247196833,-0.8211596075964164,0.022763781391092322,3.0366835608067917,0.5702442621634618,-0.0005950064045795114,-1.2126556530663373
1726406917565576200,22.776576171875,3.0717605422651824,-0.8216765493856872,0.021733557493285764,3.040354858712605,0.5695394865036496,-0.00011427979903280339,-1.2109741386903787
1726406917575574000,22.786573974609375,3.0733017126134765,-0.8220838904131625,0.02091367175771543,3.0435084623575195,0.5689821122744284,0.00018995092849388346,-1.209654879844109
1726406917585572000,22.796572021484376,3.0747802513226685,-0.8223793586415872,0.02027560769382752,3.0461468933148397,0.5685780165764454,0.00036035673532507784,-1.2087077645503632
1726406917595569000,22.80656884765625,3.0760138326568973,-0.8225785365725685,0.019691805302731277,3.048459847300288,0.5683102603008857,0.0005283255348366771,-1.2080866427151322
1726406917605567000,22.81656689453125,3.077003895267695,-0.8227204271319866,0.01907547821890171,3.0506693862780176,0.5681255550257736,0.000760796741820226,-1.2076616837714051
1726406917615565000,22.82656494140625,3.0779558020283804,-0.8228116754646436,0.01848965298626874,3.052766505107225,0.5680124088628811,0.0009717881956633527,-1.2074100094641906
1726406917625561900,22.836561767578125,3.0789671547369784,-0.8228467084531554,0.01802483313796662,3.0545983376894585,0.5679764422062045,0.0010776369983672258,-1.2073472640897718
1726406917635560000,22.846559814453126,3.0797914534327804,-0.8228587546501657,0.017688019882421108,3.055985788554733,0.5679695286398766,0.0011324390428995718,-1.2073503397149352
1726406917645557000,22.856556884765624,3.08002759100422,-0.8228890452438529,0.01764596515786755,3.0562569038113456,0.5679270272234594,0.0011148546534134117,-1.2072523943300961
1726406917655555000,22.86655517578125,3.079775033751972,-0.8229459533801604,0.01776190756666956,3.055813821376021,0.5678407820100894,0.0010986473555970422,-1.2070359312568335
1726406917665553200,22.87655322265625,3.0791697383030656,-0.8229854304767155,0.017805914780067492,3.05529877754557,0.5677820327885306,0.0012056506090267684,-1.2068792047383357
1726406917675550000,22.886550048828123,3.078140812368674,-0.8228717736812479,0.01792182104994113,3.054284529036746,0.5679429183933611,0.0013311958836653044,-1.207247234696604
1726406917685548000,22.896548095703125,3.077424134253143,-0.8225914261077452,0.018024545960651908,3.0534800249657073,0.5683453740924146,0.001371384395606373,-1.208210079424241
1726406917695545900,22.9065458984375,3.0764328573588093,-0.82207478545505,0.018177837247710892,3.052309338032021,0.5690876292950255,0.00139715350866323,-1.2099954266362847
1726406917705543200,22.916543212890623,3.075010608306143,-0.8213479104756047,0.018436736888073367,3.0505328308447366,0.5701277133548597,0.0014057765615239335,-1.2124970084825697
1726406917715541000,22.926541015625,3.0733791458351853,-0.8204888024884689,0.018685733352301587,3.048597930622728,0.5713553691507343,0.001439052769159656,-1.2154544063144403
1726406917725539000,22.9365390625,3.0716261683757238,-0.8195927675355124,0.019028118169993915,3.0463336786758988,0.5726287797151585,0.001420799265236034,-1.2185229275476297
1726406917735535900,22.946535888671875,3.0700687029521525,-0.8187385562230631,0.019428566716461277,3.0440649287202546,0.5738360856998816,0.0013214537653118957,-1.221436717328713
1726406917745534000,22.956533935546876,3.0688637735780966,-0.8179551093811227,0.019957631481620653,3.04173844540166,0.5749347929680311,0.001065174173357722,-1.2240964078809355
1726406917755532000,22.966531982421873,3.0675623501669946,-0.8172548909986531,0.02053272172265256,3.039245674363598,0.5759097520447299,0.00080651700917235,-1.2264520192067199
1726406917765528800,22.97652880859375,3.065516336876125,-0.8165979156559109,0.020979502375676896,3.036546145144431,0.5768249456429125,0.0007942302337872768,-1.228644185660125
1726406917775527000,22.98652685546875,3.0622641468951963,-0.8159253636378667,0.02118554545911055,3.0335709067443393,0.5777677761815134,0.0011893849159678542,-1.2308734137205064
1726406917785525000,22.99652490234375,3.0582712538303025,-0.8152706979452415,0.02105770215703339,3.03088158271304,0.5786938062411666,0.0019663867524016697,-1.2330426056699733
1726406917795522000,23.00652197265625,3.054423503386334,-0.8146904168159814,0.020681228312924467,3.028912762487202,0.5795200519997862,0.002896589046634711,-1.2349722422658191
1726406917805520100,23.01652001953125,3.051736868457165,-0.8141592490573855,0.020337601417882392,3.0276928019487297,0.5802744633046218,0.003572859233240865,-1.2367588370203153
1726406917815518000,23.02651806640625,3.051197938344526,-0.8137046372068908,0.02011266164292245,3.027726373680769,0.5809184290034525,0.0037449173940540532,-1.2383334545275528
1726406917825515000,23.036514892578126,3.0525132309003964,-0.8133179255568491,0.020033135673592595,3.0287436431632693,0.5814642732192923,0.003455655358728742,-1.239717410707654
1726406917835512000,23.046511962890627,3.055017031246199,-0.8129425220090368,0.020126327197959166,3.030191325092172,0.5819893218274659,0.0028103494564422384,-1.2410811808379416
1726406917845510100,23.05651025390625,3.0576834664998978,-0.8125474182069538,0.020368012809260122,3.031390233665162,0.5825356851831393,0.002026328397926411,-1.2425004829289843
1726406917855507200,23.066507080078125,3.060021158927537,-0.812094752775536,0.020499458652903178,3.0326139672728725,0.5831638391626425,0.0013781972732218415,-1.244113623182509
1726406917865505300,23.07650537109375,3.062182656800825,-0.8115182092944545,0.020449405494260792,3.034129419344816,0.5839686088703594,0.0008741551139086701,-1.2461593096722359
1726406917875503400,23.08650341796875,3.063790125112174,-0.8108115737051775,0.020495220055607003,3.0349830767577965,0.5849481543872862,0.0003899733796197642,-1.248622877167328
1726406917885500200,23.096500244140625,3.0648424315535836,-0.8100342263077992,0.020674601036301195,3.0350946184041243,0.586017997796313,-0.0000916800172755583,-1.251297852111699
1726406917895498200,23.106498291015626,3.0650690532271536,-0.8092565210769535,0.02078364055051247,3.034785379935135,0.5870875918460441,-0.000361193144767125,-1.2539538576133094
1726406917905496000,23.11649609375,3.0649985374218023,-0.8084983517414999,0.02083400218222152,3.0344107481861062,0.5881293716700453,-0.0005275458448793982,-1.2565358552546098
1726406917915493400,23.126493408203125,3.0646977055228546,-0.8077679124392222,0.020989769105229202,3.033615024259086,0.5891265088386317,-0.0007216004637780287,-1.2590039905884802
1726406917925491500,23.136491455078126,3.0636936898927547,-0.8071099987958125,0.021230698565975942,3.032113535424862,0.5900186001267553,-0.0008318987330605185,-1.2611951114398776
1726406917935489300,23.1464892578125,3.0628068932183816,-0.8065778991718096,0.021622452839476194,3.030354540691858,0.5907311964258605,-0.0010525128590129287,-1.2629454232876367
1726406917945486300,23.156486328125,3.062709792545134,-0.8061949784598547,0.022200896324196077,3.028748781125213,0.5912313491433172,-0.0015303960751711931,-1.2641902938825893
1726406917955484200,23.166484130859374,3.063539439440779,-0.8059742455204514,0.02296501731574204,3.0274052889415404,0.5915006110651914,-0.0022860198917304727,-1.264887069100934
1726406917965482200,23.176482177734375,3.0654663535779356,-0.8059200946329804,0.023965224263063745,3.026326834740661,0.5915293948333833,-0.003386019651596307,-1.265018690003127
1726406917975479000,23.18647900390625,3.0684263645581717,-0.8059829397780304,0.025144139706932113,3.0255946366176447,0.5913850734012758,-0.0047862735818850165,-1.264753411241583
1726406917985477000,23.19647705078125,3.072488201714237,-0.8061083106754889,0.026267388508354136,3.0258225903246947,0.5911508244283886,-0.00634051406889134,-1.2642991189830148
1726406917995474400,23.206474365234374,3.076920313443096,-0.8062505948901455,0.02728360492586582,3.0265887865431838,0.5908920777427973,-0.007883983958234638,-1.2637960834950577
1726406918005472300,23.21647216796875,3.081548620626752,-0.8064176096100845,0.028149815264198602,3.027873131203954,0.5906020829159339,-0.009352053507093658,-1.263220734989141
1726406918015470300,23.22647021484375,3.086428674487675,-0.806656766868389,0.028800586691643537,3.0298876644387795,0.5902209669439278,-0.010700363345722488,-1.2624206506285351
1726406918025467100,23.236467041015626,3.0915777287932418,-0.8070068204482163,0.029395499154685843,3.0322561836404174,0.5896870178755681,-0.012043662891599109,-1.2612469827771207
1726406918035465200,23.24646533203125,3.097027216931058,-0.8074199994708868,0.02996258892002109,3.034917635381725,0.5890628523445816,-0.01341882930785516,-1.259856286006684
1726406918045463300,23.25646337890625,3.102608294445761,-0.8078374819837898,0.03033569012213235,3.0381444925498213,0.5884409685623876,-0.014684619333249145,-1.2584665804983837
1726406918055460000,23.266460205078126,3.1080395784673764,-0.8081802917474251,0.030722641040049303,3.0412038987863146,0.5879170759864902,-0.015949312311054488,-1.2573156671121488
1726406918065458200,23.276458251953127,3.112655046908579,-0.8084263635314054,0.031246647244744494,3.0433075789642037,0.5875162375008578,-0.017175279842251912,-1.2564560678312564
1726406918075456300,23.286456298828124,3.1165751489977924,-0.8085436401733352,0.03183390199214077,3.0447246943461033,0.5872885011293251,-0.018333286667693603,-1.2560146784016284
1726406918085453300,23.296453369140625,3.1199242449921862,-0.8085176066668445,0.03236111275265305,3.0458511832001895,0.5872626401894027,-0.019357408459209167,-1.256057373923581
1726406918095451100,23.306451171875,3.122657871284898,-0.8083325137350925,0.03283597929437252,3.04663642314931,0.5874611369456825,-0.020244729995006407,-1.2566398764152247
1726406918105449200,23.31644921875,3.1249910466184647,-0.8079975327290758,0.033276901620718495,3.047194605354331,0.5878688103457876,-0.02104723262051987,-1.257730601478419
1726406918115446300,23.3264462890625,3.1270689939058802,-0.8075333989166582,0.03372518493668517,3.0475335434398194,0.5884524838773053,-0.02181927915750013,-1.259253510617971
1726406918125444000,23.336444091796874,3.1291545498688955,-0.806979979638103,0.034283021037179284,3.0475985491226005,0.589146570472215,-0.02267981773209952,-1.2610602219615388
1726406918135442200,23.346442138671875,3.131279681277813,-0.8064094861446813,0.034957267510858175,3.0474060214532823,0.5898501754275192,-0.023631779608826467,-1.2629018240205263
1726406918145439200,23.356439208984376,3.133376957773209,-0.8059041816884762,0.035690336090651975,3.04705973590386,0.5904565713350138,-0.02461211389839724,-1.2645092728209777
1726406918155437300,23.366437255859374,3.1358977202423,-0.8054754027652858,0.03642317210515852,3.047037424633424,0.590951946230583,-0.02566115274560624,-1.2658525515682009
1726406918165435400,23.376435302734375,3.1388680497661627,-0.8051349618818631,0.037233651208191186,3.0471671165750163,0.591313000127242,-0.026839055834754464,-1.266881201719242
1726406918175432200,23.38643212890625,-3.141085869404186,-0.8048993651361073,0.03819829063704934,3.0471217679657276,0.5915103789032917,-0.028165458235080324,-1.2675242155917947
1726406918185430300,23.39643017578125,-3.1377829978063843,-0.8047398164201041,0.039254029477115406,3.046913631144731,0.5915902733837581,-0.02956297578234974,-1.2678894989465048
1726406918195427000,23.406427001953126,-3.1344497651532026,-0.8046272351425228,0.040246992944533766,3.0468895189514367,0.5916074963439273,-0.03091500037087568,-1.268097589505889
1726406918205425200,23.416425048828124,-3.1311093643575836,-0.8044917665008247,0.041226382688532036,3.0469027093061984,0.5916524172490477,-0.03225984202114318,-1.2683775902344485
1726406918215423200,23.42642333984375,-3.1276272078793523,-0.8042952166136191,0.04211106815151324,3.04725044859144,0.5917848062866274,-0.03356601615545104,-1.268873130982919
1726406918225420300,23.436420166015626,-3.124079442670696,-0.8040429784081341,0.042766854824870276,3.0482116484572455,0.592013918413896,-0.034719904309985936,-1.2695889567686964
1726406918235418400,23.44641845703125,-3.1208940622979116,-0.8037679771384683,0.043388560595134906,3.0489915593284453,0.5922787643649708,-0.0357819809516302,-1.2703836923076468
1726406918245416200,23.456416259765625,-3.118233938296697,-0.8035393700481095,0.04407431827196919,3.049231321854232,0.592476635421163,-0.03678948477764334,-1.2710097820812631
1726406918255413200,23.466413330078126,-3.115851712259637,-0.8033907111488053,0.044818015015249776,3.0491293722888404,0.5925599860196653,-0.037781842582220886,-1.2713534821691141
1726406918265411000,23.4764111328125,-3.11320623894023,-0.8032804636220974,0.04568842024074465,3.048909910429974,0.5925696901574722,-0.03891212277834111,-1.2715365480355902
1726406918275409200,23.4864091796875,-3.1100656315355057,-0.8031984311030446,0.046677271898961224,3.0487635337387227,0.5925167595615047,-0.04021763341930887,-1.2715928073819613
1726406918285406200,23.49640625,-3.1066386297197335,-0.8031860773224396,0.04778702872845417,3.0485316556610336,0.5923453275610743,-0.04165964583809831,-1.2713793487329634
1726406918295404300,23.506404296875,-3.1031806445954584,-0.8032259894628134,0.04894948812378365,3.048193367862499,0.5920901340898322,-0.043143130242886026,-1.2709708032216385
1726406918305402400,23.51640234375,-3.0998245809080034,-0.8032465349662262,0.04997586516261346,3.048115818842704,0.5918752731708378,-0.04450977325824217,-1.2706470137916281
1726406918315399200,23.526399169921874,-3.096681723666378,-0.8032071571235397,0.050815613347334025,3.0483416035956803,0.5917660749662763,-0.04570407577188813,-1.2705594309047936
1726406918325397200,23.536397216796875,-3.0935175621818414,-0.8031303834560515,0.05138811464448391,3.0492462730833068,0.5917424286722544,-0.046708143136688925,-1.2706496541594239
1726406918335395300,23.546395263671876,-3.0903678402231023,-0.8030717116773229,0.051773900274664705,3.0506057693157214,0.5917198071012156,-0.04757145068185672,-1.2707161619734515
1726406918345392000,23.55639208984375,-3.087396741702558,-0.8030567215109148,0.05204602718069471,3.052117511772423,0.5916558949993268,-0.0483166101752651,-1.270658880060474
1726406918355390200,23.56639013671875,-3.0848972788669116,-0.8030570504047105,0.052171238559565986,3.0536474260349444,0.5915992049761957,-0.04886695567720076,-1.270587393772832
1726406918365388000,23.576387939453124,-3.0825862737085994,-0.8030762828744548,0.05194680791334294,3.0559089491277023,0.591571425630203,-0.04912544826330651,-1.270530112426139
1726406918375385300,23.58638525390625,-3.079473876477651,-0.8031590802787897,0.051164632565078874,3.060149393939966,0.5915276985113893,-0.049119734807481684,-1.2703620820439436
1726406918385383200,23.596383056640626,-3.076614266361658,-0.803238366439763,0.050105541608130195,3.0648923421626635,0.5915318500293585,-0.04886472299055035,-1.2702636628721107
1726406918395380200,23.606380126953123,-3.0744365527415143,-0.803317475649208,0.049002697927746794,3.0692413196848443,0.5915505177001785,-0.04845260752335382,-1.270180619730078
1726406918405378300,23.61637841796875,-3.073206674724597,-0.8034632852972975,0.04795246286960184,3.072758960737601,0.5914831559117919,-0.04790500964982594,-1.2698767296688285
1726406918415376100,23.626376220703126,-3.072587253051205,-0.8036894114321184,0.04708125710812332,3.0753775439340187,0.5912886055120903,-0.04737758748140283,-1.2692755875875057
1726406918425373400,23.63637353515625,-3.071893014081315,-0.803931328811299,0.04636908120778009,3.077652635370428,0.5910474143320561,-0.04698214835060053,-1.2685831264409517
1726406918435371300,23.646371337890624,-3.071180718503465,-0.8041287627083132,0.04586113667735192,3.0794327152360075,0.5908375146543896,-0.04674118106412171,-1.267999002635935
1726406918445369300,23.656369384765625,-3.0703141878508964,-0.8042548943327835,0.04555864358459203,3.080816624175917,0.5906941123022672,-0.046680108494701805,-1.2676120412464025
1726406918455366100,23.6663662109375,-3.069828709494447,-0.8043337081318112,0.045448597409068064,3.0814432711771573,0.5905944192866307,-0.0466898554387711,-1.2673554109109655
1726406918465364200,23.6763642578125,-3.06984555186634,-0.8043859454756519,0.045422171475408106,3.0814942284189666,0.5905270116196437,-0.046667772148808594,-1.267184058177894
1726406918475362300,23.6863623046875,-3.0699756525538726,-0.8043759116003818,0.04548470700117321,3.0812435819938004,0.5905341697003297,-0.046689496499204064,-1.267209072004795
1726406918485359000,23.696359130859374,-3.070009368945543,-0.8043275299990444,0.04560080612793808,3.08093213924518,0.5905849983194823,-0.04676814844719061,-1.2673517330467527
1726406918495357200,23.706357177734375,-3.0702139112842444,-0.8042488515617155,0.04589565271251737,3.080051537981352,0.590655062282667,-0.046946289107437846,-1.2675649709061563
1726406918505355000,23.71635498046875,-3.0707515021412997,-0.8041347156677959,0.04633995805081513,3.078555603287226,0.5907576728032383,-0.04717257004388617,-1.2678761852286566
1726406918515352300,23.726352294921874,-3.0715344571097565,-0.8040458026302179,0.04679797266714118,3.0768438477786835,0.5908273420751435,-0.04736400404927621,-1.268104593786599
1726406918525350400,23.736350341796875,-3.072297563923079,-0.8039944350127529,0.047161363350654684,3.075380389635319,0.590858202656205,-0.04748989448609922,-1.2682227758120574
1726406918535347200,23.74634716796875,-3.073567767553756,-0.8039633188045754,0.047406440907750605,3.0738380693662632,0.5908854020350673,-0.04743523858618861,-1.2683068853572035
1726406918545345300,23.75634521484375,-3.074865385538477,-0.8038958051517516,0.04748311557340347,3.0726955636225335,0.5909857884097066,-0.04725212701261605,-1.2685469913009224
1726406918555343000,23.766343017578127,-3.075910793620324,-0.8036883255320614,0.04747232877797064,3.071959043003634,0.5912845929409701,-0.04705264498651925,-1.2692704377854422
1726406918565340200,23.776340087890624,-3.076562406564958,-0.8033121959038844,0.04741215886783117,3.071638083960905,0.5918130727393293,-0.04689141300914127,-1.2705638587238506
1726406918575338200,23.786338134765625,-3.0771106559974286,-0.8028340545000645,0.047320756016310056,3.071472180926039,0.5924817518870705,-0.04672772158067222,-1.272203653436355
1726406918585336300,23.79633642578125,-3.078211255776681,-0.8022982665137548,0.04726935949911631,3.070798184875316,0.5932296105419675,-0.04649443555438876,-1.2740388648671497
1726406918595333400,23.80633349609375,-3.0793458435481806,-0.801827472441083,0.0472453537858702,3.0700265488410294,0.5938847559687339,-0.046276406950842945,-1.2756476862996176
1726406918605331200,23.816331298828125,-3.079806807238572,-0.8014713120676287,0.04732565929836475,3.0694897336281266,0.5943603685202143,-0.04625726052918146,-1.2768359306858739
1726406918615329300,23.826329345703126,-3.0802637955033676,-0.8012399762167349,0.047570115748607734,3.0685434451774967,0.5946447607492062,-0.046359417728545294,-1.2775722112135977
1726406918625326000,23.836326171875,-3.0806494349499025,-0.8010526630443635,0.047869354278272255,3.0675119715643633,0.5948608834491256,-0.046514916544323166,-1.2781474683353222
1726406918635324200,23.84632421875,-3.0807311667779222,-0.8009002950933828,0.048055282357234406,3.066988401292222,0.5950412687613851,-0.04664072363173586,-1.2786229182901128
1726406918645321200,23.8563212890625,-3.0808160740052273,-0.8007975310334948,0.04810500585952596,3.0668020374766107,0.5951737435090106,-0.046664172108143796,-1.2789590643113962
1726406918655319300,23.8663193359375,-3.081331886010956,-0.8007485900998016,0.048117855681340645,3.0663868637913163,0.5952448213741636,-0.04658219827027687,-1.2791290207558605
1726406918665317400,23.8763173828125,-3.0820779443599338,-0.8007868131797753,0.048070467648889045,3.0659504678229257,0.5952104800789184,-0.046412718283600926,-1.2790239971321775
1726406918675314200,23.886314208984373,-3.0827654343240405,-0.8009643788035173,0.04793586836789353,3.0657749957762426,0.595000079219872,-0.04618611417556217,-1.2784686667408383
1726406918685312300,23.896312255859375,-3.0831130168037935,-0.8013141343074371,0.0476669121929222,3.0661869991536843,0.5945714133696478,-0.04591720475707524,-1.2773559307475475
1726406918695310000,23.90631005859375,-3.0828689108999066,-0.8017908004821053,0.0472621785815454,3.0673754559840214,0.5939811487164893,-0.04565230197943982,-1.2758319400233948
1726406918705307100,23.91630712890625,-3.082378189315973,-0.8023613462968936,0.046843071688654286,3.068779515702276,0.5932611616641026,-0.045421307660165486,-1.27398858243899
1726406918715305200,23.92630517578125,-3.0815724216984934,-0.8029729139823846,0.046455586584355904,3.0703338709042742,0.5924751539251606,-0.045272729049030846,-1.2719926530534484
1726406918725303300,23.93630322265625,-3.080427517558009,-0.8036198962999326,0.04617004785104955,3.071879305655418,0.591620214435397,-0.04526393349730931,-1.2698460326999341
1726406918735300400,23.94630029296875,-3.079235259523298,-0.804339009341216,0.045969974164107155,3.0732404827244726,0.5906529027703025,-0.04532947178993894,-1.267435591112454
1726406918745298200,23.956298095703126,-3.0785496443455767,-0.8051162088216324,0.045875034609181076,3.07396237396068,0.5895964641937074,-0.045380710025641466,-1.2648123962151052
1726406918755295200,23.966295166015627,-3.0787258980764776,-0.8058741488277299,0.04597138244107195,3.0735770315814457,0.5885501404162109,-0.045411895015995435,-1.262230120780213
1726406918765293000,23.97629296875,-3.079319841751428,-0.8065713353484503,0.04625231067015727,3.0724317910192895,0.5875655224756064,-0.045498046332841664,-1.2598216881737392
1726406918775291100,23.986291015625,-3.0799084275163953,-0.8072065752425697,0.046692390893550484,3.0709004344955235,0.5866421820549319,-0.045698962663176836,-1.257589618178918
1726406918785288400,23.996288330078126,-3.0809032185052394,-0.8077957005180765,0.04723448379315924,3.068826154152763,0.5857720762185404,-0.045893770035245654,-1.2554978591712784
1726406918795286300,24.006286376953124,-3.083156395963098,-0.8083930232515814,0.04785329540349432,3.065656516311866,0.5848967679226768,-0.04589766644147945,-1.25338210205607
1726406918805284400,24.016284423828125,-3.0863463627285457,-0.8090429292343835,0.04840965563816448,3.061974695699752,0.5839697661556796,-0.045666814890271974,-1.2511119329739508
1726406918815281200,24.02628125,-3.090183136857081,-0.809742931127187,0.04882777757384425,3.0581821883203206,0.5830001714615798,-0.04519947671260082,-1.2487019486563335
1726406918825279200,24.036279296875,-3.0945468789326,-0.8104573514644126,0.04913049415441803,3.0543118982814312,0.5820324103022532,-0.04453453792803807,-1.2462669611740949
1726406918835277300,24.04627734375,-3.0994547327662523,-0.8111527525547321,0.049564200459266475,3.0497456097812528,0.581078570202827,-0.04384462878133749,-1.243867931695485
1726406918845274400,24.0562744140625,-3.104722832682599,-0.8118461156595429,0.050345342254701865,3.044086443207479,0.5800818151755964,-0.043316513275707645,-1.241394184926587
1726406918855272200,24.066272216796875,-3.1096614307576593,-0.8124774134825458,0.051494127210775155,3.03777734113827,0.5791121469412925,-0.043102890468273716,-1.2390351205412438
1726406918865269500,24.07626953125,-3.1139931795061173,-0.8129698771034436,0.05300764830451093,3.0310147843812034,0.5782718665342805,-0.04326462480530931,-1.2370505864389585
1726406918875267300,24.086267333984374,-3.117191598319689,-0.8133622554323817,0.05477397873833958,3.0244449784839156,0.5775125103419358,-0.04382899769457046,-1.2353246539050504
1726406918885265400,24.096265380859375,-3.1202924432972754,-0.813638950526667,0.056949377635698066,3.0169422360411606,0.5768449662077676,-0.04470212184413872,-1.2338801062184799
1726406918895262200,24.10626220703125,-3.123538316637593,-0.8138227231046358,0.05945548408785952,3.0085271100763142,0.5762481638653896,-0.04577853633689502,-1.2326501456549368
1726406918905260300,24.11626025390625,-3.126756199760712,-0.8139578088243167,0.06216686179060355,2.999633678029031,0.5756725421563859,-0.04700072143741943,-1.2315030007027965
1726406918915258400,24.12625830078125,-3.129184572981792,-0.8140600596591656,0.06497779461832295,2.99106025378103,0.5750972117926585,-0.04844821977876993,-1.2304031043395263
1726406918925255400,24.13625537109375,-3.130541543219776,-0.8141177350305528,0.06788367822254006,2.9830126884145005,0.5745313642272976,-0.05017859967929187,-1.2293906575185962
1726406918935253500,24.14625341796875,-3.1310062007056243,-0.8141123220550281,0.07087812998099784,2.97537338168058,0.5740010207838453,-0.05215572631328869,-1.2285286715601198
1726406918945251600,24.15625146484375,-3.1307535229793797,-0.8139884968816291,0.07396795591649151,2.9679888391198395,0.5735820631079974,-0.05435981497013107,-1.2280051458575456
1726406918955248400,24.166248291015624,-3.129982531543141,-0.8137477046732742,0.07704682751912081,2.9609751678315037,0.5732940116490395,-0.05667909584199101,-1.2278477641449161
1726406918965246500,24.17624658203125,-3.1292230664646805,-0.8134243308179988,0.07989631996728479,2.9544956757273284,0.5731438702344154,-0.05885096792103135,-1.2280114478008899
1726406918975243300,24.1862431640625,-3.12921153704319,-0.81296761890303,0.08240777607976343,2.9482836453751258,0.5732475115964513,-0.06066239575291636,-1.2287236658174974
1726406918985241300,24.196241455078123,-3.129654624358932,-0.8123380159718553,0.0842753500249963,2.943278945307162,0.573727902308791,-0.06197519913844936,-1.2302368357436237
1726406918995239200,24.2062392578125,-3.130334666176383,-0.8115292305053242,0.08528045523700588,2.9401641200532813,0.5746458811016867,-0.06268819912725834,-1.232664451919053
1726406919005236500,24.216236572265625,-3.131556330561923,-0.8106064997530065,0.08557184797326227,2.938374170144988,0.5758881434218885,-0.06282936809266905,-1.235735149467824
1726406919015234600,24.226234619140627,-3.133452726127896,-0.8096953723195486,0.08536963108261261,2.937305021670504,0.5772343392246402,-0.062497901786695745,-1.238938796667023
1726406919025232400,24.236232421875,-3.1359508988900844,-0.8088972022921767,0.08500390276102736,2.936224367970963,0.5784688327255371,-0.06191576500557268,-1.241808368796908
1726406919035229400,24.2462294921875,-3.138448939366163,-0.808275496354949,0.08462584023342468,2.935208361681936,0.5794587615848259,-0.06129303787579815,-1.2440715661822304
1726406919045227300,24.256227294921874,-3.1405542436746994,-0.807804813444033,0.08431465578924327,2.934341561502121,0.5802154385388845,-0.060765242096213,-1.2457891949033582
1726406919055224300,24.266224365234375,3.140435749993021,-0.8074413996828445,0.08418070872397358,2.932998830709112,0.580786633551441,-0.060322677481019917,-1.247075354996889
1726406919065222100,24.27622216796875,3.1376595283729127,-0.8071385327005862,0.08421192433438415,2.930845145597959,0.5812497451352231,-0.059871386753027236,-1.2480940336757806
1726406919075220200,24.28622021484375,3.1344977151694886,-0.8068534320271673,0.08437726402414249,2.928085204270325,0.5816658595271313,-0.059437583567016235,-1.2489991428718243
1726406919085217300,24.29621728515625,3.1313360709985885,-0.8065979564316903,0.0846587704918792,2.925044552500797,0.5820154093406864,-0.059080856540259186,-1.2497580677037425
1726406919095215400,24.30621533203125,3.1284013547056926,-0.8063681613993757,0.08506757591418154,2.9218595407368135,0.5822973483684557,-0.0588531680962754,-1.2503822343714648
1726406919105213400,24.31621337890625,3.1257277792245315,-0.8061771732200622,0.08561146947926562,2.918540718662844,0.5824912935192855,-0.05876246704301164,-1.250823136496438
1726406919115210200,24.326210205078127,3.1233361042628016,-0.8060345822198426,0.08625338829323205,2.9151981464956234,0.5825916493622619,-0.058783467832937336,-1.2510608020331944
1726406919125208300,24.336208251953124,3.121262574504222,-0.8059760060763682,0.08692036802049304,2.9120498306630833,0.5825657885800369,-0.05886213726331547,-1.251004024561207
1726406919135206400,24.346206298828125,3.1192872873571877,-0.8060540138209751,0.08741788365198361,2.909431397345437,0.582389090894126,-0.05880568259772062,-1.2505422560337804
1726406919145203500,24.356203369140626,3.116757153871115,-0.8062179422389462,0.08771711652209488,2.906927606601267,0.5821498233232946,-0.05847996325614445,-1.2498542554823924
1726406919155201500,24.366201416015624,3.113557188394553,-0.8064430533492571,0.08792555356525371,2.9041868191655857,0.5818603315477385,-0.057942525805855176,-1.2489838103371795
1726406919165198300,24.3761982421875,3.1106525906742335,-0.806728532011344,0.08811805717340196,2.901722983689954,0.5814859751403788,-0.05743134614705842,-1.2479119162629568
1726406919175196400,24.386196533203126,3.1086889999828506,-0.8070084897602658,0.08839598770321559,2.899730362484059,0.581081821643236,-0.057160751823807955,-1.2468337943167462
1726406919185194200,24.3961943359375,3.1077449062228593,-0.8072610536450648,0.08861378648555021,2.898610480972152,0.5807083677271512,-0.0570536833262893,-1.245881700103684
1726406919195191300,24.40619140625,3.1077107359240257,-0.8074516774503125,0.08844285426302025,2.899070409906594,0.5804867248337577,-0.056874595692661734,-1.2452941659377668
1726406919205189400,24.416189453125,3.1085429809203,-0.8075906977504516,0.08768518135409861,2.901564195470646,0.5804471603513331,-0.05647703782426733,-1.2451115627504872
1726406919215187200,24.426187255859375,3.1096757551454886,-0.807707253684773,0.086354952599464,2.90566186338022,0.5805545978329242,-0.05575061157545692,-1.2452151843062413
1726406919225184500,24.4361845703125,3.110254172035191,-0.807865465129666,0.0845477347373776,2.9105403116461437,0.5807122890476858,-0.054574109212431755,-1.245334129728467
1726406919235182300,24.446182373046874,3.110270099192223,-0.8080871970452556,0.08227120308352505,2.9161824439570503,0.5808816035904295,-0.05294438282560178,-1.2453795695267087
1726406919245179400,24.456179443359375,3.110576724174663,-0.8083153872658821,0.07957654137983156,2.923057295564176,0.5811065725157253,-0.0510783623778504,-1.245524977288254
1726406919255177200,24.46617724609375,3.1117992789179927,-0.8085218695001517,0.07683838431477373,2.930690802976005,0.5813359873717316,-0.04936432680316271,-1.2457372745556454
1726406919265175300,24.47617529296875,3.113426565361131,-0.8087177857356885,0.07430531691187763,2.9381121214802928,0.5815174175391554,-0.047871913602745474,-1.2458918765992228
1726406919275172400,24.48617236328125,3.1138534623020564,-0.808918313891572,0.0721403742446688,2.9437734300279357,0.5816306107416347,-0.04639781368123077,-1.245880552884607
1726406919285170400,24.49617041015625,3.1133625685715436,-0.8091710177779636,0.07011300914894927,2.9484540933315495,0.581650205583549,-0.044826679556844766,-1.2456213631254904
1726406919295168500,24.50616845703125,3.1122172869765623,-0.8095138032846291,0.06802071420293565,2.952848956535663,0.5815550278751057,-0.04306060919059679,-1.2450484933269759
1726406919305165300,24.516165283203126,3.110741208196269,-0.8100179550520826,0.06576852154718678,2.957442232487779,0.5812552244038307,-0.0410811507058108,-1.243945223361382
1726406919315163400,24.526163330078123,3.1094819677443577,-0.8107198962946015,0.06355017581631454,2.962161127009322,0.5806582405322002,-0.03912513585732416,-1.2421347279113328
1726406919325160200,24.53616015625,3.108676302042447,-0.8115915269763316,0.06156337585520467,2.9666805359640076,0.579768441543093,-0.037386568667360155,-1.2396602529491878
1726406919335158300,24.546158203125,3.107969947949148,-0.8125401669158885,0.05983271613454965,2.9706603693923492,0.5787180594886728,-0.03583422631859067,-1.236835523591281
1726406919345156400,24.55615625,3.1070132540245203,-0.8134878046733567,0.058427507022791404,2.97366283906144,0.5776124920639957,-0.0344620865064816,-1.2339101214713812
1726406919355153400,24.5661533203125,3.1055668009369057,-0.8144070005928398,0.05730844601007969,2.9756112148933314,0.5765022534637111,-0.03319715684891045,-1.2309919853907632
1726406919365151500,24.5761513671875,3.103497195228751,-0.8152441682916034,0.05640752695249928,2.976568047292173,0.5754761655056716,-0.03197261741939767,-1.2282849104403908
1726406919375149300,24.5861494140625,3.1008906801678373,-0.8159041730718268,0.055657460142233106,2.9767366397173225,0.5746786338284018,-0.03077686247631602,-1.2261390791242563
1726406919385146400,24.596146484375,3.098341499626306,-0.8163848749025547,0.05491348181472378,2.976886617258184,0.5741272465455071,-0.029632704063768733,-1.2246055554879256
1726406919395144400,24.60614453125,3.0959909196408426,-0.8167551217196637,0.054126363180440874,2.97725370531352,0.573731454665288,-0.02852198305450393,-1.2234630659633134
1726406919405141200,24.616141357421874,3.093954697310351,-0.8170656589518966,0.05325429774186471,2.9780331028100053,0.5734242583672292,-0.027430001063597997,-1.2225484502701967
1726406919415139300,24.626139404296875,3.092300124180453,-0.8173306963114287,0.05229247499589543,2.979286104911432,0.5731849136328321,-0.026365149161273936,-1.2218124286618695
1726406919425137400,24.636137451171876,3.0905391135356655,-0.8175421859206371,0.05115714816213524,2.980871541133672,0.573039382246683,-0.025170207999382747,-1.2212933076582138
1726406919435134500,24.646134521484374,3.0885065126895306,-0.8177354198067562,0.04980811829799652,2.982781515160129,0.5729421068925705,-0.0237751205771829,-1.2208715283690483
1726406919445132300,24.65613232421875,3.0861921596576924,-0.8179468237396944,0.048322178644099587,2.9848330274721753,0.572829934659944,-0.022222189999585692,-1.220399303698499
1726406919455130400,24.66613037109375,3.0838843324655985,-0.8181735192568077,0.046747709209527304,2.9871094578179016,0.5726973435192976,-0.0206055594075573,-1.2198800446909563
1726406919465127400,24.67612744140625,3.0821250152648405,-0.8183617731726579,0.04516946850691928,2.989767656976717,0.5726068744239405,-0.01910933714392368,-1.219494348762045
1726406919475125200,24.686125244140626,3.080468321132957,-0.8184707972054978,0.043793392312516506,2.991984237888857,0.5726003529814526,-0.01779061728973811,-1.2193377114463513
1726406919485122600,24.69612255859375,3.078724038342175,-0.8185145286785211,0.04264119260776755,2.9935776640092175,0.5726599343165938,-0.016621342100211118,-1.2193577615869138
1726406919495120400,24.706120361328125,3.0770086007382953,-0.818484497886385,0.041739303572868695,2.9945621380654854,0.5727967434250458,-0.015646307939505513,-1.2195849400931702
1726406919505118500,24.716118408203126,3.075514667918429,-0.8184128355104038,0.041049169217816116,2.9951746746773007,0.5729696742193389,-0.014872751885428992,-1.2199218562845495
1726406919515115300,24.726115234375,3.074453490193176,-0.8183539690026648,0.04049063753049112,2.9957732347529835,0.5731086047531597,-0.014277941655453584,-1.2201987828901133
1726406919525113300,24.73611328125,3.073533645710624,-0.8182905227318211,0.04009822859397641,2.9960654674963383,0.5732378504304226,-0.013828343534522539,-1.2204653923559445
1726406919535111400,24.746111328125,3.0727504773824212,-0.8182454601796171,0.039794393916015525,2.996243281857511,0.5733320083632659,-0.013464448912652988,-1.2206550069595175
1726406919545108200,24.756108154296875,3.072210311188691,-0.8181709812271379,0.03955401936431682,2.9964277827801995,0.573460951167547,-0.01320192870665542,-1.2209418337297797
1726406919555106300,24.766106201171876,3.0717252872799023,-0.8180048098983915,0.03943008662748998,2.9963402970948705,0.573709832214493,-0.013051955909879252,-1.2215301433106225
1726406919565103400,24.776103271484374,3.0710606149396122,-0.8177169315703527,0.03927971059113437,2.9961545411426043,0.5741343828521116,-0.012873720566131609,-1.2225428644452154
1726406919575101400,24.786101318359375,3.070134108418162,-0.8173239548818698,0.03886763005602689,2.996389385576259,0.5747302942781569,-0.012483956501066387,-1.2239579148011297
1726406919585099500,24.796099609375,3.0683894226299318,-0.8168152729542538,0.03819536979083404,2.996646971606544,0.575513164188568,-0.01177059428974237,-1.22579513337149
1726406919595096300,24.806096435546873,3.0656306602950885,-0.8162050178793495,0.037399025868123596,2.996459258587089,0.5764498151115139,-0.010786138579130989,-1.22797264046414
1726406919605094400,24.816094482421875,3.062162107085554,-0.8155424635994317,0.03645606064651892,2.9961059306507645,0.5774684011257907,-0.009569145069826755,-1.2303259949961607
1726406919615092200,24.82609228515625,3.058532409949735,-0.814895813681401,0.035311863269670105,2.9961268059412016,0.5784731172829883,-0.008179288297456611,-1.2326411783016462
1726406919625089300,24.83608935546875,3.0554362676077313,-0.8143120702167524,0.03432118400506167,2.9961639078806397,0.5793696506094052,-0.006994340122029325,-1.2347188104148443
1726406919635087400,24.84608740234375,3.052756883744466,-0.8138082533214558,0.03367619239765622,2.9956728953265137,0.5801247920864243,-0.006120266795838326,-1.236474034316384
1726406919645084400,24.85608447265625,3.0509545446810855,-0.8134155146447922,0.033428326537577886,2.994866935496103,0.5806941003132103,-0.005678079019875894,-1.2378111324366625
1726406919655082500,24.86608251953125,3.0505318675750286,-0.8131597085024442,0.0333835359116582,2.994589526361044,0.5810552317977382,-0.005624460373171751,-1.238687637273493
1726406919665080300,24.876080322265626,3.0513275254645422,-0.8130438037196057,0.033445272290937335,2.9949657261658813,0.5812117229882323,-0.00585652879690052,-1.239104995193057
1726406919675077400,24.886077392578127,3.0531452168233955,-0.8130621199857805,0.03353956219004969,2.9960350867801586,0.5811760562047606,-0.00628382502778591,-1.2390836832749983
1726406919685075200,24.8960751953125,3.0557202174180467,-0.8132088408770298,0.03357700400756303,2.99782437677492,0.5809627300260833,-0.006792624215118991,-1.2386486068854428
1726406919695072500,24.906072509765625,3.0586697110032093,-0.8134422272168788,0.03348700482422728,3.0002176350813308,0.5806353438609121,-0.007267946521769295,-1.2379414241444244
1726406919705070300,24.9160703125,3.061544895429214,-0.8137317492835636,0.03326139343792888,3.0029038260574943,0.5802381801912371,-0.007622282227906833,-1.2370554268241385
1726406919715068400,24.926068359375,3.064100195452903,-0.8140101989142107,0.03281967450438479,3.005883633928059,0.5798705535524393,-0.007765247700525732,-1.236223896648007
1726406919725065500,24.9360654296875,3.0663193363061554,-0.8142121998773753,0.03208820067788364,3.0093071187530347,0.5796293186842743,-0.007655552700994797,-1.2356853898725901
1726406919735063300,24.946063232421874,3.0681232178452786,-0.8142766185132171,0.031065368074614026,3.0131067825974314,0.5795992789522944,-0.007287335960912691,-1.235646526943529
1726406919745061400,24.956061279296875,3.069848500731576,-0.8142202752403875,0.029808903310825408,3.01738870897591,0.579750810107501,-0.006763197466599426,-1.2360477359113813
1726406919755058200,24.96605810546875,3.071631731593492,-0.8140860859631279,0.028468256224468826,3.021899125106868,0.5800127766880878,-0.006204967220284685,-1.2367211270901495
1726406919765056300,24.97605615234375,3.0733297843069463,-0.8139025695730664,0.02722621792249429,3.0260984105656323,0.5803350511462876,-0.005705782166089539,-1.2375428514745115
1726406919775053300,24.98605322265625,3.074597637447057,-0.8136743931207279,0.026190607515955457,3.0294785651702107,0.5807067945465237,-0.005271335683027617,-1.2384781593525556
1726406919785051400,24.996051513671876,3.075484110745153,-0.813398267662135,0.02547208317479562,3.0318014272606244,0.5811278482390495,-0.004991087746091778,-1.23952937326642
1726406919795049500,25.006049560546874,3.0763443858101485,-0.8130746804266527,0.02501200070795138,3.033463017527952,0.581601282874092,-0.004895393975584926,-1.2407133172735145
1726406919805046300,25.01604638671875,3.077201435008205,-0.8127028664862279,0.024684312524959166,3.034788292956073,0.5821345805924396,-0.0048998366247101285,-1.2420467131563848
1726406919815044400,25.02604443359375,3.0776705660254056,-0.8123043724534293,0.02451144404047525,3.0354519597798855,0.5826976315289732,-0.004940463859250038,-1.2434467275789554
1726406919825041400,25.03604150390625,3.077799446230285,-0.8119223221327495,0.02446919967264258,3.0355561663407333,0.5832308919434431,-0.005003098202211282,-1.2447659150617107
1726406919835039500,25.04603955078125,3.077436069583188,-0.8115883723330788,0.024378286044911476,3.0354385791472254,0.5837001484563081,-0.0049253393440746186,-1.245915113900254
1726406919845037600,25.05603759765625,3.0768619030405246,-0.8112886420935075,0.024182138583108907,3.035435974843982,0.584126407858233,-0.00472517957167981,-1.2469509323855026
1726406919855034400,25.066034423828125,3.0759453126139156,-0.810929971885169,0.023839521613709124,3.0355323614560232,0.5846410450275599,-0.004363883086201536,-1.248195130242545
1726406919865032400,25.076032470703126,3.0737915524645816,-0.8104159482707831,0.023335706294232678,3.0350948184499824,0.5853784530229496,-0.003674006236030272,-1.2499585209546462
1726406919875030300,25.0860302734375,3.070422914731348,-0.8096867361344052,0.022708051157899072,3.0340262097328354,0.5864166153592255,-0.002701535784870367,-1.2524368806347064
1726406919885027300,25.09602734375,3.066202407766218,-0.8087449406013553,0.022005995376572003,3.032458127457769,0.5877455636577058,-0.0015580179377569095,-1.255617865126335
1726406919895025200,25.106025146484374,3.0617940679255997,-0.807659163838713,0.021279533768355213,3.0307580394198066,0.5892654932464955,-0.0003997119693140227,-1.2592749619829602
1726406919905022500,25.1160224609375,3.0576729158776446,-0.8064825002251091,0.020606279944671627,3.0290906340929533,0.5908983653954759,0.0006347585055507534,-1.2632268957797774
1726406919915020500,25.1260205078125,3.0542210747522676,-0.8052841052271245,0.02006465037273273,3.0275616857142293,0.5925477371762471,0.001430878480399043,-1.2672455029086762
1726406919925018400,25.136018310546874,3.0517633982738843,-0.8041395688179422,0.019648721207569733,3.026451557631706,0.5941124085118102,0.0019516178087051405,-1.2710854753597474
1726406919935015400,25.146015380859374,3.0495299143229095,-0.8030189174464272,0.019385943078522195,3.025122174118626,0.5956336970889403,0.00231611720276537,-1.2748289957550154
1726406919945013200,25.15601318359375,3.0480614003251048,-0.801923554009973,0.01932571991810401,3.023853074702187,0.597109325148321,0.002390763405234566,-1.278482468072878
1726406919955010300,25.16601025390625,3.0470637821855417,-0.8008164754061851,0.019522936577754734,3.022281899542548,0.5985875857313897,0.002182113562182068,-1.2821581342564383
1726406919965008400,25.17600830078125,3.046827566921208,-0.7997457966239924,0.020097978568410165,3.0203420444158673,0.6000002261919672,0.0015603942005956643,-1.2856929991689674
1726406919975006500,25.18600634765625,3.047614591811911,-0.7987417364572764,0.021070447006486893,3.01819360433996,0.6013047276232694,0.00047359205355615994,-1.288989010668096
1726406919985003500,25.19600341796875,3.048912029121232,-0.797795621142221,0.022425505287436642,3.0154899216237805,0.6025100364582376,-0.000977261032500196,-1.2920588173371736
1726406919995001300,25.20600146484375,3.050149115595626,-0.7969206545999771,0.024100458855011542,3.0119620858824345,0.6035972455320352,-0.002643599078977573,-1.2948421213355463
1726406920004999400,25.21599951171875,3.050982876344846,-0.7961271252671395,0.02583760927221783,3.007996616459885,0.6045625235803967,-0.0042722406720071115,-1.297320695233052
1726406920014996200,25.225996337890624,3.0518718536115155,-0.7954044216960685,0.027383582168364208,3.004570351389877,0.6054327885138835,-0.005753450996784486,-1.2995694864019707
1726406920024994300,25.235994384765625,3.052899108664028,-0.7947520316395857,0.028603899986257827,3.0020849423678215,0.6062195539650004,-0.0069983758359879935,-1.3016144987714517
1726406920034991400,25.245991455078126,3.0535450734425265,-0.7941172917683126,0.02946318034823244,3.0002185863869206,0.6069985886952954,-0.007903984844332261,-1.3036263943370585
1726406920044989400,25.255989501953124,3.053518021171906,-0.7934292274743707,0.02998218876911832,2.998673312128743,0.6078649486694445,-0.008454252489944932,-1.3058348404592155
1726406920054987500,25.265987548828125,3.052978483528926,-0.792653290965699,0.03026364949548103,2.997300874889616,0.6088581725366882,-0.008762864669683689,-1.3083464419588966
1726406920064984300,25.275984375,3.052180687904657,-0.7917934033602609,0.030445485027083132,2.9959489973473845,0.6099637285051618,-0.008976497296228157,-1.311135434899639
1726406920074982400,25.285982421875,3.0510729933242122,-0.7908592705930053,0.030568943803088267,2.9944757172072927,0.6111661463132612,-0.009117064227961831,-1.3141638567893612
1726406920084979200,25.295979248046876,3.0498976687733146,-0.7898477326294862,0.030681424676485564,2.992945268197026,0.6124651273431883,-0.009261931177888153,-1.3174405003257488
1726406920094977300,25.305977294921874,3.04939062356567,-0.7887807140061501,0.030854893652361468,2.9917531323494564,0.6138251274708797,-0.009577650623300732,-1.320899246920915
1726406920104975400,25.315975341796875,3.049659656289532,-0.7877535129766439,0.031203756384823533,2.9907314778456358,0.6151162811839712,-0.010142520331276132,-1.3242168062803263
1726406920114972400,25.325972412109376,3.0505020293963905,-0.7868532194877873,0.03179288118504149,2.9895922881131898,0.6162234586126267,-0.010950861844813413,-1.3270934888957402
1726406920124970500,25.335970458984374,3.052104341650952,-0.7861323241908186,0.03265680585823685,2.988414323136186,0.6170774295367704,-0.01204355146836672,-1.3293603398325977
1726406920134967300,25.34596728515625,3.0542511874465905,-0.785595001772906,0.03373469539656561,2.9871860256146974,0.6176768596430432,-0.013338306146472627,-1.3310053318330082
1726406920144965400,25.35596533203125,3.0563511459770583,-0.7852219535229914,0.03492153539415652,2.9857028268539048,0.6180549536049681,-0.014668696158965608,-1.3320919937784983
1726406920154963200,25.365963134765625,3.058450618558682,-0.7849739594046068,0.03618612955305633,2.9840658133576015,0.6182633141264636,-0.016027706146344016,-1.3327527586658843
1726406920164960500,25.37596044921875,3.060249028311736,-0.784805681857152,0.03718809884389821,2.9828850688169015,0.6183881904662333,-0.017117276249252,-1.333181821215744
1726406920174958600,25.38595849609375,3.062124750870295,-0.7846888022104168,0.037934983045485184,2.982429073587675,0.6184660127974627,-0.018007328400409233,-1.3334822652849079
1726406920184956400,25.395956298828125,3.063992679332485,-0.7845765982025684,0.03843296788335414,2.9825995734947384,0.6185570274835563,-0.018701295546462438,-1.3338027955928622
1726406920194953500,25.405953369140626,3.0658064270015335,-0.7844195607763095,0.03871639797644127,2.98325720878569,0.6187222133128911,-0.019230640461411146,-1.3342993697774548
1726406920204951300,25.415951416015623,3.067623917392344,-0.7842279045569597,0.038900948629882394,2.9841585354631137,0.618939054164923,-0.019690997883726472,-1.3349226983841147
1726406920214948400,25.4259482421875,3.0693501954060394,-0.7840407326947522,0.03905828981656129,2.985060021907111,0.6191526215759262,-0.02011444940293553,-1.3355331214522057
1726406920224946200,25.4359462890625,3.0711534912071716,-0.7838914806093515,0.039271204840867595,2.9858947327989815,0.6193128436318872,-0.02058281930864703,-1.3360129088551613
1726406920234944300,25.4459443359375,3.0734998846394936,-0.7837994877065175,0.039668999069361346,2.9867076207255243,0.6193807760898942,-0.02126181838954378,-1.3362829806216143
1726406920244941300,25.45594140625,3.0761189351525107,-0.7838024839001437,0.04024547261058411,2.9873121430058514,0.6193106006427056,-0.022098491262345546,-1.336220857234975
1726406920254939400,25.465939453125,3.078579655091089,-0.7839290082582643,0.04104397541533464,2.9872655113009685,0.619063168009987,-0.02305712337388654,-1.3357169790459145
1726406920264936400,25.4759365234375,3.0805542353941116,-0.784184895996104,0.04194508746577547,2.986612853040352,0.6186427201426316,-0.023995174864020818,-1.3347642591681166
1726406920274934300,25.485934326171876,3.082221859153168,-0.7845511314822428,0.04273910000856922,2.9860213891973473,0.6180928387985991,-0.024780466550099817,-1.3334658331096938
1726406920284932400,25.495932373046877,3.0837674452515773,-0.7850812566877609,0.04342124299407773,2.985663758813154,0.6173455009970624,-0.025425574754104733,-1.3316510230413419
1726406920294929200,25.50592919921875,3.085041925414832,-0.7856293734814761,0.043917316701824666,2.9855675122127208,0.616593717980468,-0.025882903873739812,-1.329804293763097
1726406920304927200,25.51592724609375,3.085992603894406,-0.7861742252171813,0.044265603906432256,2.9855885329484693,0.615861418276684,-0.026178617131014298,-1.3279870539925425
1726406920314924300,25.52592431640625,3.0871264349966943,-0.7866985878195334,0.04444505035841789,2.9861715953466783,0.615170099465238,-0.02637784681326579,-1.3262680087755745
1726406920324922400,25.53592236328125,3.0878527930907707,-0.7871891683857456,0.044455972176310816,2.986850166310214,0.6145405768411776,-0.02639341984529474,-1.3246804642262973
1726406920334920400,25.54592041015625,3.088019035421645,-0.7876012553175468,0.04446082672383395,2.9870841860679316,0.6140146509670278,-0.026335244882360647,-1.3233424169331935
1726406920344917200,25.555917236328124,3.0872406651135154,-0.7879010637427243,0.04441092349085502,2.9866895919721617,0.6136430891505962,-0.026111914868095772,-1.3223652786370341
1726406920354915300,25.565915283203125,3.0861119179824956,-0.7881238795114911,0.044326056803424586,2.9860898982778044,0.613375208765081,-0.02582282470816754,-1.3216389508654938
1726406920364912400,25.575912353515626,3.085080172213265,-0.7882952552454358,0.0443877896013752,2.9851823269137214,0.6131569181252343,-0.025671543607632227,-1.3210549945041894
1726406920374910500,25.585910400390624,3.0841873113832277,-0.7884616719883583,0.04474626798907219,2.9836342498490604,0.6129126862824532,-0.02576941503686996,-1.320433096251338
1726406920384908500,25.595908447265625,3.083703250525072,-0.7886899948731523,0.04541652528920753,2.9816375579143988,0.6125532015469238,-0.02615506995470484,-1.319556373403809
1726406920394905300,25.6059052734375,3.0836860175333856,-0.7890183175729952,0.04632336350695024,2.979438689863026,0.612035647558938,-0.026770932601412844,-1.3183124527202164
1726406920404903400,25.6159033203125,3.0842072691813787,-0.7894494030109359,0.04737927086944547,2.977314463933725,0.6113633592848079,-0.027560469099482596,-1.3167064444089513
1726406920414900200,25.625900146484376,3.0851696287223596,-0.7899625654128463,0.04853598005302057,2.9753043332298823,0.6105673793511088,-0.028476324269265472,-1.3148138336822295
1726406920424898300,25.635898193359374,3.0865856695228717,-0.7905370733994551,0.049695918895616364,2.973655405067839,0.6096835943293675,-0.02945187452689208,-1.3127181033372373
1726406920434896400,25.645896484375,3.0884167819033275,-0.7911341386196221,0.05076592742717188,2.9725577606540687,0.6087726197658547,-0.030420801361089985,-1.3105642306294325
1726406920444893400,25.6558935546875,3.0901756033058434,-0.7917055726564126,0.051800661024174875,2.9714837590907877,0.6078944291820213,-0.031357525841233656,-1.3084938516576312
1726406920454891500,25.6658916015625,3.0922029332937666,-0.7922384459694517,0.05278530673519306,2.9707276286533157,0.607065183681217,-0.03230981077784426,-1.3065580451882581
1726406920464889300,25.675889404296875,3.095218996415664,-0.7927660691445202,0.053668546402061694,2.970976167883549,0.606242041537022,-0.03335182028413974,-1.3046670893820143
1726406920474886400,25.685886474609376,3.0988180438503012,-0.7932813349128806,0.05465010226265471,2.971413703624349,0.6054114105592575,-0.03457037717656565,-1.3027935392059076
1726406920484884200,25.69588427734375,3.1024657575068906,-0.7937650122986117,0.05577400287966055,2.9715165739202107,0.6045961641408432,-0.03591417630518923,-1.3009831759121984
1726406920494881300,25.70588134765625,3.1064093225107947,-0.7941690426578956,0.056911512607589775,2.9717820742446657,0.603872881432184,-0.03733814521768172,-1.2994250843181816
1726406920504879400,25.71587939453125,3.110286292197692,-0.7944446397751727,0.05796318538766312,2.972171354325326,0.6033232529349623,-0.03871684834916747,-1.2983003980230672
1726406920514877400,25.72587744140625,3.1142790026834297,-0.7946270285268326,0.05881123116837296,2.97312861528387,0.602918231433995,-0.03998490306538326,-1.2975257145229704
1726406920524874500,25.73587451171875,3.1180481533047977,-0.7947330978089387,0.05945896674756021,2.974394261565161,0.6026409634189162,-0.04108311320086915,-1.297042920247838
1726406920534872300,25.745872314453123,3.1214029616154773,-0.7947885224665707,0.05984929718268051,2.9759746832235603,0.6024708272057878,-0.04193066337313194,-1.2967836705005802
1726406920544869400,25.755869384765624,3.1245824910305173,-0.794803394703133,0.05989219741541749,2.9782798021782937,0.6024071028847167,-0.04249830419848581,-1.2967401247135963
1726406920554867200,25.7658671875,3.1279694571577816,-0.7947877654396482,0.05962688732884842,2.9815056088244174,0.6024274156241668,-0.04287725320921529,-1.2968735406455574
1726406920564865300,25.775865234375,3.131487345005382,-0.794764623145005,0.05917694637775469,2.9852911786286325,0.602483204339884,-0.043141464622241124,-1.2970713133517546
1726406920574862300,25.7858623046875,3.134697204526176,-0.7947475622043314,0.058715650195581434,2.9888743348306237,0.6025363965578674,-0.04334322806690042,-1.2972485013009507
1726406920584860400,25.7958603515625,3.136991921308386,-0.7947408340445263,0.058258489655794554,2.991756323869313,0.6025861698965195,-0.04339103141071836,-1.2973852967885338
1726406920594857500,25.805857421875,3.140035753637515,-0.7947417847427668,0.057459815070047514,2.9960632044221454,0.6026674925851454,-0.04330854654926633,-1.2975765240696564
1726406920604855300,25.815855224609376,-3.140560262652292,-0.7947337915430023,0.056316101784015915,3.000889090762987,0.6028159340454747,-0.04289157280999585,-1.2978741941707355
1726406920614853400,25.825853271484377,-3.1379278321179522,-0.7946969195154785,0.054865188014179896,3.006514335593989,0.6030433091015438,-0.042254097183211256,-1.298329105117193
1726406920624850200,25.83585009765625,-3.134970842429215,-0.7946053080558967,0.053212318587849944,3.0128870668438874,0.6033627447154136,-0.04152399098385427,-1.298997951632145
1726406920634848300,25.84584814453125,-3.132066553075862,-0.7944566048973914,0.051532815629091,3.019283803297123,0.6037557729053866,-0.04076752185048497,-1.2998470247153615
1726406920644845300,25.85584521484375,-3.1298770086970658,-0.794297428985045,0.049919098247543287,3.0249768912894024,0.6041562157147838,-0.03993702439662328,-1.3007056205131926
1726406920654843400,25.865843505859374,-3.128894986816577,-0.7941758091222884,0.04847721142696228,3.029329080293884,0.6044930332195717,-0.03902642879702896,-1.3013982455180821
1726406920664841500,25.875841552734375,-3.129306901273978,-0.7941897745544149,0.04717949317315581,3.0322758117909157,0.6046440558371226,-0.03797635964082535,-1.3016102032616217
1726406920674838300,25.88583837890625,-3.1310363016775153,-0.7944026847786216,0.04596449906491818,3.034035199684323,0.6045338251976091,-0.036748528721587535,-1.3011487654677814
1726406920684836400,25.89583642578125,-3.1338579881217763,-0.7947907831542187,0.044957540340561264,3.0344628962267772,0.6041752916340238,-0.03547661346459283,-1.3000658157355993
1726406920694833200,25.905833251953126,-3.1374543455092154,-0.7952793125322711,0.044337440793657604,3.0333476937123747,0.6036429616337526,-0.03435311372697529,-1.2985740924124383
1726406920704831500,25.91583154296875,-3.1413638876884837,-0.7957936115351347,0.044289985298570596,3.0305704920084535,0.6030107923346896,-0.033599515146743655,-1.296885973797225
1726406920714829600,25.92582958984375,3.1383741324017116,-0.7962588303434323,0.04486069587582456,3.0265982927002613,0.6023659054590998,-0.03338701134599579,-1.295239602693196
1726406920724826400,25.935826416015626,3.135561280363862,-0.7966390824888493,0.04603544563392591,3.021591487108254,0.6017547066313799,-0.03373827338583201,-1.2937552591982564
1726406920734824400,25.945824462890624,3.1324244913987234,-0.7969359448487378,0.047725276752438,3.015048512803099,0.6011909897930954,-0.03442234841868454,-1.2924351703627928
1726406920744821200,25.9558212890625,3.1288882524636246,-0.797215913042868,0.049638472470483065,3.007654487336568,0.6006196116963922,-0.03519789246094675,-1.2911074175476285
1726406920754819300,25.9658193359375,3.12538000269197,-0.7975621137281173,0.051434182476936235,3.0006004130942125,0.599968753336805,-0.03587079481674425,-1.2895658591763421
1726406920764817200,25.975817138671875,3.122394718784889,-0.7980221908454953,0.052911272674801016,2.994771375467759,0.5991981350226743,-0.03636894568830273,-1.28770116700636
1726406920774814500,25.985814453125,3.119690371257541,-0.7985873605327578,0.05414037815255546,2.9898076146829933,0.5983141539880975,-0.03670406583106548,-1.2855294568561701
1726406920784812500,25.9958125,3.117029275027066,-0.7992169768725979,0.05526057872745068,2.985176307044031,0.5973554888853837,-0.036944141663334956,-1.2831575660625274
1726406920794809300,26.005809326171875,3.114192597889062,-0.799853441591173,0.05644330848495521,2.9802753031092153,0.5963772112633964,-0.03718637091785583,-1.2807358260678925
1726406920804807400,26.015807373046876,3.1112524892801154,-0.8004601081228274,0.05770474269413716,2.975110504579254,0.5954246030923059,-0.03746156574898713,-1.2783820107161097
1726406920814805200,26.02580517578125,3.108627996101486,-0.8009520109548183,0.05895401300953603,2.9701951755536844,0.5946190293575204,-0.03779699659762739,-1.276405872848398
1726406920824802300,26.03580224609375,3.106395379056276,-0.8012770921399879,0.06010949436383432,2.9657681322772853,0.5940415931598132,-0.038162394471251186,-1.2750047004700613
1726406920834800000,26.045800048828124,3.104323673628229,-0.8014340028158938,0.0610956760521085,2.96183864285789,0.5937095693372214,-0.038466310454864795,-1.274205187760901
1726406920844797200,26.055797119140625,3.1025883031166273,-0.8014251421914599,0.06187149279604142,2.9586335122452567,0.5936251369296373,-0.038714336583645155,-1.2740154283052962
1726406920854795300,26.065795166015626,3.1011865503924656,-0.8012442611054534,0.06246316542563677,2.956079821641435,0.5937932148888582,-0.038929433276452,-1.2744509528096106
1726406920864792000,26.0757919921875,3.0995632900361123,-0.8009599056472546,0.06299372699537469,2.9534805089421274,0.5941106162617283,-0.03908579762683023,-1.275245625461186
1726406920874790100,26.0857900390625,3.0974622259554687,-0.8006612629161047,0.06350292358576275,2.950572523909809,0.5944548138656206,-0.03914580222670272,-1.2760836179003943
1726406920884788000,26.0957880859375,3.095096606122389,-0.8004379651645145,0.06390276137415414,2.947759346499309,0.5947181156627294,-0.039062824175633115,-1.276692672573304
1726406920894785300,26.105785400390626,3.092812776241147,-0.800355280406367,0.0640093151391257,2.945775220564352,0.5948384139899147,-0.03874881492429107,-1.276907802272451
1726406920904783000,26.115783203125,3.0916051300338796,-0.8004214462282386,0.06364587908851753,2.9457997578788575,0.5948205497549177,-0.03825158156218129,-1.2767651212846776
1726406920914780200,26.1257802734375,3.0903307284774826,-0.8006765299581323,0.06296049280285933,2.9466331270771957,0.5946005085366814,-0.037461365947808474,-1.2760728976496623
1726406920924778000,26.135778076171874,3.08886980083135,-0.8010936530188151,0.06197452027895215,2.9481251385567426,0.5942093862520698,-0.03637864552858172,-1.2749091699810218
1726406920934776000,26.145776123046875,3.0874934319757403,-0.801606522070774,0.06070706526101971,2.9504071401029868,0.5937262805680604,-0.03508353211846871,-1.2734910141077997
1726406920944773000,26.155773193359376,3.0862760050706495,-0.8021528499436761,0.05925226640948266,2.953279818546167,0.5932165795693924,-0.03367411687624361,-1.2719992140003953
1726406920954771000,26.16577099609375,3.084740637381284,-0.8026998603466788,0.05782390808484951,2.955852575284465,0.5926979111416488,-0.03222584022926175,-1.270483206935686
1726406920964768300,26.175768310546875,3.0824249655107003,-0.803218830940849,0.05669926212989307,2.957093073019663,0.5921761241350456,-0.03085917076984206,-1.2689640558432034
1726406920974766000,26.18576611328125,3.0790778225923847,-0.8036962444917458,0.05599532200479449,2.9565276883518217,0.5916586641540179,-0.02961231036931434,-1.2674558906269007
1726406920984764200,26.19576416015625,3.0749031241303735,-0.8041653917569587,0.0556634352683297,2.954442560664912,0.5911081783813069,-0.028476098611527074,-1.2658652072016845
1726406920994761000,26.205760986328126,3.070602841549888,-0.8046750597231836,0.055575838167699766,2.951687998591311,0.5904698034628818,-0.027473772445371893,-1.2640676063281802
1726406921004759000,26.215759033203124,3.0666273561582766,-0.8052752536106368,0.055715787619370884,2.948655920117447,0.5896751111188883,-0.026661943999972317,-1.2619093975509985
1726406921014756000,26.225756103515625,3.062921983282665,-0.8059485519815369,0.055988172386395946,2.9455363426893277,0.5887596886699115,-0.02596529155428511,-1.2594680759514838
1726406921024754000,26.23575390625,3.0596665610009763,-0.8066386194245873,0.05597836036692803,2.9434569737906267,0.5878508202820264,-0.025139475414326554,-1.25703976502551
1726406921034752300,26.245752197265624,3.0565973745878496,-0.8072465573703219,0.05545916760263346,2.942740395200325,0.5871124040457391,-0.02400543482496916,-1.2550071303123065
1726406921044749000,26.2557490234375,3.053273127028711,-0.8077590758300186,0.054480487832981,2.9429347649534887,0.5865576752983613,-0.022520950047482956,-1.2533911820499366
1726406921054747100,26.2657470703125,3.0495776357921467,-0.8081442804851692,0.0531152537358058,2.943762342188484,0.5862183663110678,-0.02072609377307242,-1.2522758361183712
1726406921064744000,26.275743896484375,3.0458239785698935,-0.8084547030687039,0.05146494081613688,2.9452199122477554,0.5860043684343674,-0.018738383843615005,-1.251462346268221
1726406921074742000,26.285741943359376,3.0422676054653817,-0.8087375793230274,0.04971284156507201,2.947061128032573,0.5858264544658841,-0.016723142091847443,-1.250755095226217
1726406921084740000,26.295739990234374,3.038892858573678,-0.8090194350384794,0.04820997820869569,2.94842569097116,0.5856116267043121,-0.014917272912049265,-1.2499875628815538
1726406921094737200,26.305737060546875,3.0360546577097427,-0.8093350786778863,0.047162120632883296,2.949079786467631,0.5852943282857891,-0.013524980129201206,-1.2490169902863628
1726406921104735200,26.3157353515625,3.0339722398969506,-0.809715839297602,0.04654794213139712,2.9492463556046955,0.5848381572771943,-0.012564833379180433,-1.2477576562399444
1726406921114732000,26.32573193359375,3.0327798419613217,-0.8101888267489871,0.04624107833064277,2.9493415810840125,0.5842197640618662,-0.011966226391105938,-1.2461491056814282
1726406921124730000,26.335730224609375,3.0324897691181394,-0.8107087095036624,0.0461799274589066,2.9495038553770097,0.5835080900601839,-0.011703447356404363,-1.2443599774396876
1726406921134728200,26.345728271484376,3.032747323388744,-0.8112382857371451,0.046496703512844365,2.9491391821623325,0.5827444517832223,-0.011811438219428788,-1.2424831667748995
1726406921144725000,26.35572509765625,3.0334430710556894,-0.8117751848756641,0.04724446803394369,2.9480386740390547,0.581925823996685,-0.012305845897857793,-1.240507318829481
1726406921154723000,26.36572314453125,3.03410316226004,-0.8122816993636195,0.04833904470084428,2.946055278719057,0.581112321539799,-0.013043290525113011,-1.238558455222568
1726406921164720000,26.37572021484375,3.0345274094517523,-0.8126954104998368,0.04960505913979422,2.943449590223967,0.5804074314343898,-0.013879198627253776,-1.2368794967467407
1726406921174718200,26.38571826171875,3.0350620888195348,-0.8130194760405683,0.05085001461168071,2.9409378820214176,0.5798242625906422,-0.014748596302855249,-1.235511925338096
1726406921184715000,26.395715087890625,3.0351161599144367,-0.8132589568748542,0.05199614955615662,2.9382919915876045,0.5793675755361026,-0.015476532471732132,-1.234432903546915
1726406921194713000,26.405713134765627,3.0343201163406213,-0.8134316344884363,0.05298794791035541,2.935393369715427,0.5790225691058186,-0.01594377780067386,-1.2335826444202733
1726406921204711200,26.415711181640624,3.0329289908761243,-0.8135266886358768,0.05373901171175238,2.932627293924874,0.5788140688046145,-0.016146657480236165,-1.2330287387359558
1726406921214708000,26.4257080078125,3.0311111039901646,-0.8135453850288457,0.05430420094119906,2.929978757481707,0.5787346209474734,-0.016158113269093423,-1.2327628940889144
1726406921224706000,26.4357060546875,3.0292416298883413,-0.8135239855685644,0.054835219268834966,2.927359545603249,0.5787150516086287,-0.016148311007810813,-1.2326407198624012
1726406921234703000,26.445703125,3.0274658564321117,-0.8135210481055796,0.05563723800984434,2.924157840515873,0.5786372072538306,-0.016337323313889308,-1.2323902535729658
1726406921244701200,26.455701171875,3.026743817874641,-0.8134704400043385,0.05656110679256329,2.92138300189938,0.5786044264068908,-0.016841891248955857,-1.2323160559085755
1726406921254699000,26.465698974609374,3.0264036758934387,-0.8133628079963691,0.0575735000572658,2.918636405942525,0.5786361246754008,-0.01750512964475717,-1.232428955718373
1726406921264696000,26.475696044921875,3.0256500054205593,-0.8132124061813097,0.058598901337119806,2.9155460208129855,0.5787260262465924,-0.018107578030666538,-1.232666023337975
1726406921274694100,26.485694091796876,3.0242261101278527,-0.8130066116742658,0.05943085422512458,2.91242417301137,0.5789191620031947,-0.01846028572759564,-1.233112149382711
1726406921284691200,26.495691162109374,3.0226393811963495,-0.8128097275094303,0.06000685769085837,2.909810738671939,0.5791316416441471,-0.018601972911037067,-1.2335824927972467
1726406921294689300,26.505689208984375,3.021102050288386,-0.812651626282798,0.06030519386659721,2.9079231066448,0.5793242518301455,-0.018550197472773575,-1.233990098715702
1726406921304687000,26.51568701171875,3.0197080164467844,-0.8125437232355093,0.06056490036842756,2.906254336941234,0.5794505341082369,-0.018483335308427672,-1.2342375100976117
1726406921314684200,26.52568408203125,3.018788641994421,-0.8124899208507412,0.06103034378118055,2.9044492147564394,0.5794723853237234,-0.018634569061020165,-1.234264224137553
1726406921324682000,26.535681884765626,3.0183817970300204,-0.8124210526422646,0.06178413721159243,2.90229997191304,0.5794740570139909,-0.01909356277198576,-1.2342875795746429
1726406921334679000,26.545678955078124,3.0181557797298524,-0.8123136360413092,0.06260310468867138,2.9001011774590513,0.5795181861546792,-0.01964851741030215,-1.2344328606159107
1726406921344677000,26.555677001953125,3.017708698581254,-0.8121838334253944,0.06324761929608642,2.8981572082866918,0.5796165768375136,-0.020047549453895572,-1.2346910324985378
1726406921354675000,26.565675048828126,3.016647683171807,-0.8120348108639808,0.06353729205538519,2.896628126711111,0.5797921667777196,-0.020086326060769204,-1.2350822623619906
1726406921364672300,26.57567236328125,3.015413726985233,-0.8118608505178132,0.06343565618788301,2.8959109073130156,0.5800555916018846,-0.019832416978522005,-1.2356585887778164
1726406921374670000,26.585670166015625,3.0145620409536784,-0.8116894968996927,0.06301230738662228,2.8962444883378717,0.580354973925499,-0.019435551709065906,-1.2363293940912434
1726406921384667100,26.595667236328126,3.014024619367244,-0.8115531391598981,0.06240264330256934,2.8972704149068935,0.5806271296486524,-0.01896124904026055,-1.2369409375194567
1726406921394665000,26.6056650390625,3.0135489993589677,-0.8114356895942915,0.06167735325659867,2.8986307518330543,0.5808863873402658,-0.018412409475624513,-1.2375186333908978
1726406921404662000,26.615662109375,3.0128060037227304,-0.8113801710405051,0.06066596808989206,2.9005282112967006,0.5810960616639648,-0.017588365517563084,-1.2379423303870083
1726406921414660000,26.62566015625,3.011804116509935,-0.8114211496880135,0.05926891019878717,2.903228651458888,0.5812175236420849,-0.016408676801195884,-1.238113018135586
1726406921424658200,26.635658203125,3.0107494482199475,-0.8116072260726734,0.057475370189683544,2.906930072499633,0.581178611332355,-0.014888708537979571,-1.237866789704596
1726406921434655200,26.6456552734375,3.0094700809737107,-0.8119641358785812,0.055417077911075585,2.911203847958584,0.5809235655171062,-0.013074949855745727,-1.2370671451148088
1726406921444653000,26.655653076171873,3.0082036265244003,-0.8124195790347573,0.05320537263976842,2.915910273777143,0.5805343428257579,-0.011120522066920447,-1.2359422537730453
1726406921454650000,26.665650146484374,3.007227674140518,-0.8128834143092997,0.05083552723710582,2.9212104281743074,0.5801321008582795,-0.009113119500146661,-1.2348114855877275
1726406921464648000,26.67564794921875,3.0066721591770302,-0.8132093924087123,0.04848016933067552,2.9267031198950435,0.5799029885606012,-0.007252450445076071,-1.2341516514009332
1726406921474646000,26.68564599609375,3.006796355836671,-0.813402598895243,0.04620177646395652,2.9324236273062407,0.5798360971961676,-0.005631600591379449,-1.2339471914898275
1726406921484643300,26.695643310546874,3.0077697071427067,-0.8134701911441216,0.04398558164547784,2.9385331252128517,0.579925231040805,-0.004270664574394139,-1.2341854334083515
1726406921494641200,26.70564111328125,3.0091125520717577,-0.8134176627471884,0.04176445527509556,2.9448621692028367,0.5801709327269674,-0.0030202521358993375,-1.2348381178384737
1726406921504638200,26.71563818359375,3.0102652191929398,-0.8132829469454104,0.03942139838410704,2.951321442400512,0.5805292087647407,-0.0016687934333328726,-1.2357667452688263
1726406921514636000,26.725635986328125,3.0110793332986723,-0.8130905302293246,0.03705593843293079,2.957576758112851,0.5809566472225969,-0.00024552138706327017,-1.236858213482477
1726406921524633000,26.735633056640626,3.0119276248824396,-0.8128750401905527,0.0346901597096623,2.963854820717881,0.5814030377840231,0.0011702654648035886,-1.2380071208698638
1726406921534631000,26.745630859375,3.0127534407601178,-0.8126685593059851,0.03234492444558313,2.9700788953247836,0.5818220758626838,0.0025857814771787896,-1.239095217939907
1726406921544629000,26.75562890625,3.013524015139489,-0.8124908451297769,0.03010595423310564,2.9760238840756807,0.5821826595354673,0.00395266853420321,-1.2400436146177254
1726406921554626000,26.7656259765625,3.0140820852457524,-0.8123190439901202,0.028015930277803778,2.981462165720602,0.5825162156896548,0.00526420758747387,-1.240922024532226
1726406921564624100,26.7756240234375,3.0145802139500346,-0.8121267569856114,0.026044470019947346,2.9865645122298283,0.582863276532836,0.006502375655716746,-1.2418369044610627
1726406921574621200,26.78562109375,3.015224893152165,-0.8119023094439283,0.024255454493459006,2.991316477444623,0.5832399756258498,0.007576840952652416,-1.2428325535241325
1726406921584619000,26.795618896484374,3.0157520735616856,-0.8116513170654719,0.022676541815700554,2.995463878108733,0.5836396400049004,0.008522091032883063,-1.2438805453378299
1726406921594616000,26.805615966796875,3.0157887448803686,-0.8114026031893169,0.02136057189859147,2.998620735564499,0.5840218567480427,0.009381947299299585,-1.2448648988166156
1726406921604614100,26.8156142578125,3.014969787905014,-0.8111962636107838,0.02016861701660609,3.0008803411918086,0.5843345362163335,0.010337330174273,-1.245646909709013
1726406921614612200,26.8256123046875,3.0134817519059762,-0.8110551928049871,0.01891570255359868,3.0028375878240428,0.5845508416773912,0.011488102784277657,-1.2461743979679116
1726406921624609000,26.835609130859375,3.0120498419268062,-0.8109504958904263,0.017453204980792055,3.0053651692127006,0.5847145025829557,0.012788406991382015,-1.2465861687579651
1726406921634607000,26.845607177734376,3.0111585126201876,-0.8108800391435114,0.015863680631057215,3.008606880740831,0.5848279681101539,0.01408301215617566,-1.2469039992423983
1726406921644604200,26.855604248046873,3.0108650397159678,-0.810887493291784,0.014449281016436428,3.011877859565856,0.5848272087506041,0.015156084588961165,-1.2469552665841213
1726406921654602000,26.86560205078125,3.0110379690434304,-0.8109979614459188,0.013278699360993363,3.014923392352777,0.5846796426996463,0.015990101795424063,-1.2466511765034534
1726406921664600000,26.87560009765625,3.01143976534061,-0.8112041512353018,0.012297127324309794,3.0177037849826154,0.5843961830343494,0.01666817721681399,-1.2460110823343837
1726406921674597000,26.88559716796875,3.0118755086452924,-0.811490961503393,0.011428766973783684,3.0202590279835375,0.5839976156260037,0.017278353134046884,-1.2450827464704302
1726406921684595200,26.89559521484375,3.0121833716647783,-0.8118685104828187,0.010688998727429178,3.022438637747008,0.5834696410127816,0.01784384250829247,-1.243826144517281
1726406921694592000,26.905592041015623,3.0123616168017633,-0.8123371120946346,0.010096581016857885,3.0241952167616977,0.5828118129417968,0.0183514922251948,-1.2422387158917652
1726406921704590000,26.915590087890624,3.0125576442075728,-0.8128619558873016,0.009717333397508243,3.02545951462177,0.5820744146192517,0.018716099682362587,-1.2404453482719424
1726406921714587100,26.925587158203125,3.0128023329910474,-0.8133725263840771,0.0094420453212743,3.0264962635479256,0.5813564325345093,0.01899185563444089,-1.2386972130695473
1726406921724585000,26.9355849609375,3.013417385690079,-0.8137684432347813,0.009201423485292628,3.027667361722109,0.5808012110049865,0.01913788523245266,-1.2373598797864338
1726406921734583000,26.9455830078125,3.014014334396059,-0.8140154154138122,0.008981684078767326,3.0287188949415813,0.580455283282055,0.01923441026453215,-1.236537064718438
1726406921744580000,26.955580078125,3.014602859097699,-0.8140732229274831,0.008712462252962188,3.0298169901547682,0.5803753381140438,0.01932032612006488,-1.2363719148537973
1726406921754578200,26.965578125,3.015417908832193,-0.8139514842434828,0.008367597804097751,3.0311971011989716,0.5805494223755803,0.01936987042053449,-1.2368431932087214
1726406921764575000,26.975574951171875,3.0167443763459856,-0.8137299262122035,0.007853832689101076,3.0333203214305366,0.5808659024005393,0.0194124733612651,-1.2376894307352586
1726406921774573000,26.985572998046877,3.0188899296318112,-0.8134727361289203,0.007106845305793877,3.0365882635857404,0.581234405298179,0.01944916775296751,-1.2386977742794107
1726406921784570000,26.995570068359374,3.021247320549538,-0.8131630577095499,0.006202853261964797,3.040379847648814,0.5816745787346602,0.01954664559436223,-1.2398955463196657
1726406921794568000,27.00556787109375,3.0231894586744423,-0.8127610007460425,0.005182184130237898,3.044138835168642,0.5822378261585348,0.019794897439504352,-1.241392109710444
1726406921804566300,27.015566162109376,3.0244134629066566,-0.8122579172894894,0.0041418210013115814,3.0474088986761485,0.5829343940122823,0.020184054652893836,-1.2432014070247546
1726406921814563000,27.02556298828125,3.0251059287747726,-0.8117024352647407,0.003178067335893312,3.0501006010217404,0.5836983758820153,0.020617758995753816,-1.2451612104592686
1726406921824561200,27.03556103515625,3.025229515288217,-0.8111099203244341,0.0025105809973760226,3.051648300686069,0.5845131381864849,0.020946985829212658,-1.2472177180292303
1726406921834558700,27.045558837890624,3.0246386300281123,-0.810454998871838,0.0022446725690557176,3.051675422542962,0.5854158966299787,0.021115757482285946,-1.2494520112230456
1726406921844556500,27.055556640625,3.0232785652145253,-0.8097064395010796,0.0023281765285404323,3.0502551651478025,0.5864488095077529,0.02116107562534984,-1.251970826289743
1726406921854554600,27.0655546875,3.0210495074662362,-0.8088258364711067,0.0026093928186636172,3.0476701232361196,0.5876601831772278,0.021198143208244074,-1.254901769292165
1726406921864551400,27.075551513671876,3.0179213000305882,-0.8078602704130304,0.003045227642247822,3.044010836207258,0.5889823907704783,0.021267753605142044,-1.2580799936795937
1726406921874549500,27.085549560546873,3.014094112477121,-0.8068941735701687,0.0036767321367178665,3.0393403976866096,0.5902999122877736,0.021314650692618058,-1.261218863191897
1726406921884546800,27.095546875,3.009204203875414,-0.8060296314124495,0.004486966023442555,3.0334658553171816,0.5914696088031598,0.02144061166599459,-1.263952539975682
1726406921894544600,27.105544677734375,3.003479278692291,-0.8053151812052934,0.0051232743762310235,3.027444402487871,0.5924211084635265,0.02187253577083001,-1.2661306912842272
1726406921904541700,27.115541748046876,2.9972156995579535,-0.8047805292505666,0.005374478149666541,3.022034091054271,0.5931129971867305,0.022722097615245056,-1.2676680420026947
1726406921914539500,27.12553955078125,2.99065971646761,-0.8043932230219599,0.005258628917543751,3.0173666545295452,0.5935918532897089,0.023927684835577064,-1.268686525418552
1726406921924537600,27.13553759765625,2.9843557396069866,-0.8041383287255003,0.004875155721891748,3.0135958877452413,0.593882827576945,0.025315779549551658,-1.2692590096093155
1726406921934534700,27.14553466796875,2.9795650033517593,-0.803980797188087,0.004265717034493037,3.011533512890792,0.5940440924208333,0.026614006952581943,-1.269568866902464
1726406921944532700,27.15553271484375,2.975647141985133,-0.8039137056735278,0.003795970819791821,3.009802447585903,0.5940895704201753,0.027672895680038164,-1.269603836962453
1726406921954529800,27.16552978515625,2.9725635513720503,-0.8038927297776223,0.0035654628493698424,3.008108602160615,0.594084480992501,0.028413659632534227,-1.2695174518071362
1726406921964527600,27.175527587890624,2.970462325211391,-0.8038667406009405,0.003634949091928063,3.0063860971229444,0.5941033120793061,0.02874783966535914,-1.2694939226866417
1726406921974524700,27.185524658203125,2.968633893942469,-0.8037778586413428,0.004122668850887891,3.0037943114685324,0.5942224018160855,0.028702331755357618,-1.2696899876449788
1726406921984522500,27.1955224609375,2.9672615507885096,-0.8035772035438645,0.005044463081968088,3.000403645149792,0.5945100974206069,0.028214360339459295,-1.2702836949265812
1726406921994520600,27.2055205078125,2.966153820752834,-0.8032243963171349,0.006251937230252281,2.996421618698533,0.5950125185639105,0.027414326279853535,-1.2713987932708128
1726406922004517600,27.215517578125,2.9650608255636945,-0.8026530239284035,0.00761602945014078,2.991950500415969,0.5958122582868214,0.026419307626273324,-1.2732495857789687
1726406922014515700,27.225515625,2.9641470232081524,-0.8018529627098115,0.009106476076391598,2.9871766689625825,0.5969198621263381,0.025213818055334104,-1.2758739301606117
1726406922024512500,27.235512451171875,2.9633390978563883,-0.8009025259213083,0.010825137034320307,2.981827272621932,0.5982251977616009,0.023759161049363174,-1.278989868691935
1726406922034510600,27.245510498046876,2.963381879238531,-0.7998435265746909,0.012624280253252804,2.97684038535448,0.5996707783498975,0.02204210624635944,-1.2824978723166696
1726406922044507600,27.255507568359373,2.964054830521157,-0.7987752977359929,0.014420958112537326,2.9723144387530787,0.6011173136028289,0.020202275213313303,-1.286048953682276
1726406922054505500,27.26550537109375,2.964739812483061,-0.7977216930414571,0.01603431325990161,2.9682565835319688,0.6025287641663989,0.018496496200870828,-1.2895395948080908
1726406922064503600,27.275503662109376,2.9649381127226784,-0.796716728024144,0.017307908639601095,2.964702758011106,0.6038616847713569,0.01714309231701049,-1.2928464784528073
1726406922074500600,27.28550048828125,2.9647743316932056,-0.7957840487952161,0.018017305158161103,2.9623194374873294,0.6050930059347885,0.01629780156425253,-1.295922453864905
1726406922084498700,27.295498779296874,2.9649869657086447,-0.7949093818044399,0.01812132917346192,2.961761707044508,0.6062499450500932,0.0158617774157041,-1.2988602025311669
1726406922094495500,27.30549560546875,2.9654845507657885,-0.7940687448658695,0.0178470481046164,2.9623861025224714,0.6073636237138513,0.01567591358256821,-1.3017220511239709
1726406922104493600,27.31549365234375,2.966061917730596,-0.7932567230150128,0.01738127829054116,2.9635701513625543,0.6084382664443073,0.01563492974178249,-1.3044992802494157
1726406922114490600,27.32549072265625,2.9668027318253487,-0.7924778913475788,0.016777843115826425,2.965246675392783,0.6094678852433782,0.01568708996803991,-1.307177253273976
1726406922124488700,27.33548876953125,2.9677505709665692,-0.7917155815055738,0.016186183274303476,2.967066425969213,0.610473400042283,0.015706532927032713,-1.30980304560094
1726406922134486800,27.34548681640625,2.9684143730463277,-0.7909571833171407,0.01571469241232518,2.9683749053343447,0.6114684303881387,0.01568701715348751,-1.3123869020422
1726406922144483600,27.355483642578125,2.968501650135467,-0.7901783163609519,0.01539205764501522,2.968859924314242,0.6124840091224738,0.01564332655491503,-1.3149979494168864
1726406922154481700,27.365481689453127,2.967698731065128,-0.7893574256550361,0.015248279044006649,2.968188382592279,0.6135464901959236,0.015591746145743718,-1.3176909212567822
1726406922164478500,27.375478515625,2.9659576150271985,-0.7885561679539463,0.01536080783094305,2.966151746330274,0.6145755055614136,0.015497003717989925,-1.3202556647620802
1726406922174476500,27.3854765625,2.9635820768726453,-0.7878192905073923,0.015851254028588602,2.962693876016079,0.6155141004287484,0.015228033033752706,-1.3225508125765342
1726406922184473900,27.395473876953126,2.9608913507207153,-0.787152943327984,0.016709173402849668,2.9580881583371603,0.6163551091664329,0.014742021363297188,-1.324568688824331
1726406922194471700,27.4054716796875,2.9583248721434736,-0.786553819099919,0.01790617355867979,2.952745287459728,0.6171035175509586,0.013990250595076876,-1.3263407451397011
1726406922204469800,27.4154697265625,2.9563550449540807,-0.7859888944841497,0.019281448104066706,2.9474234295622237,0.6178029426732509,0.013012339133274665,-1.3280051016788796
1726406922214466600,27.425466552734374,2.955432061825967,-0.785485136777377,0.02075942925120273,2.9426829360471385,0.6184196220806093,0.011810022987510901,-1.3294978477494572
1726406922224464600,27.435464599609375,2.955596991481967,-0.7850794377618666,0.02231621244730087,2.9386422532753964,0.6189054067279132,0.010413825298121992,-1.3306997897128807
1726406922234461400,27.44546142578125,2.956447802923729,-0.7848221157173384,0.023833455233318413,2.9353201192734995,0.6191973110529935,0.009001057230082023,-1.3314385590916715
1726406922244459500,27.45545947265625,2.9578623114669282,-0.7847145571573797,0.02522051347837879,2.932853699134699,0.6192966276446878,0.007663408955667248,-1.331713613387918
1726406922254456800,27.465456787109375,2.9596943544866736,-0.7847409520250428,0.026369593654810786,2.9313930149872225,0.6192286247645379,0.006501151736838625,-1.3315854775228464
1726406922264454700,27.47545458984375,2.9617581927135777,-0.7848824590331476,0.027242457700790177,2.930877856235357,0.6190205897735032,0.005564228804070663,-1.3311148477793862
1726406922274452700,27.48545263671875,2.963867333633997,-0.7851293645730545,0.027960026482929813,2.9308495890516824,0.6186819700212642,0.004782565877411001,-1.330314466594013
1726406922284449500,27.495449462890626,2.9657610774310643,-0.7854836902945505,0.028606034127432012,2.9308927919484047,0.6182070149252847,0.004131418825798505,-1.3291557058838133
1726406922294447600,27.505447509765624,2.967206917722788,-0.7859304718184962,0.029202845555995727,2.9307609618996575,0.617614145459811,0.0036232646719762387,-1.3276776479367298
1726406922304444700,27.515444580078125,2.968105116403589,-0.7864706968871551,0.02975100858258042,2.930376458940875,0.6169020627870226,0.003274166135409331,-1.3258732114840082
1726406922314442800,27.52544287109375,2.968800326536548,-0.7870710033078394,0.030298995521434512,2.929867585784238,0.6161107388339617,0.0029806760731754924,-1.3238572732525182
1726406922324439600,27.535439453125,2.969524606259858,-0.7877022983322561,0.030937840587536375,2.9291695317595594,0.6152731725665598,0.0026254049205235055,-1.3217248955551744
1726406922334437600,27.545437744140624,2.970422279210828,-0.7883553193116409,0.03174631702831882,2.9281909943650986,0.6143969101062774,0.002121899093033539,-1.3195021243209721
1726406922344435700,27.555435791015626,2.971580288801538,-0.7890024352046355,0.03283184056954882,2.926714205509277,0.6135106318756272,0.0013639365340132581,-1.3172669378242774
1726406922354432500,27.5654326171875,2.9725135523720065,-0.7895992574987045,0.03409049142950666,2.924603511813855,0.6126749944650668,0.0004925511119472669,-1.3151571112304157
1726406922364430600,27.5754306640625,2.9732824578755737,-0.7901004542663466,0.035437213203573306,2.9220954973380855,0.6119520592741448,-0.0004540343680825947,-1.3133344998555871
1726406922374427600,27.585427734375,2.9741099280653684,-0.7905192831330304,0.03669354092045456,2.9198159988547587,0.6113353566729345,-0.0013719019028018658,-1.3117919547571373
1726406922384425700,27.59542578125,2.975331711223129,-0.7908659825768412,0.03790172172612542,2.9179206683275742,0.610810155930754,-0.0023451916375216864,-1.3105076391155253
1726406922394422500,27.605422607421875,2.977229172630021,-0.7911566678805575,0.039104131330570134,2.9165258991464436,0.6103524877993833,-0.003447040314445979,-1.3094325071597763
1726406922404420600,27.615420654296877,2.9800456642915507,-0.7914290400010103,0.0403498174074665,2.9157144519579625,0.6099095069942678,-0.004740657467393534,-1.3084447443555838
1726406922414417700,27.625417724609374,2.983688093893585,-0.7916887411917606,0.04169989584988449,2.9152642543724023,0.6094678276263661,-0.006255090128482508,-1.3075076839720865
1726406922424415500,27.63541552734375,2.988096783259178,-0.791941424916893,0.04311266934478616,2.915236051801064,0.6090212069202485,-0.007947486055867722,-1.3066032200394744
1726406922434413600,27.64541357421875,2.993110172437623,-0.7921900625416406,0.04455092998625178,2.915600361362643,0.6085678019715652,-0.009762494467131235,-1.305720302497773
1726406922444410600,27.65541064453125,2.998469789132622,-0.7924380790347648,0.046058553201239104,2.91605192599409,0.6080985850024945,-0.011688761801105004,-1.3048251441149683
1726406922454408700,27.66540869140625,3.003948734606863,-0.7926820000870143,0.04767376396570977,2.9163206855902075,0.6076136343597015,-0.013718125315452346,-1.3039101272931644
1726406922464405500,27.675405517578124,3.0094071082898863,-0.7929177570817985,0.049244346750167305,2.9166776063474784,0.6071322681798811,-0.01571521074005244,-1.3030126173336916
1726406922474403600,27.685403564453125,3.014697504041069,-0.7931119132938013,0.050532445559535316,2.9175864434606855,0.606724106074723,-0.01749082772593277,-1.3022889110787346
1726406922484400600,27.695400634765626,3.019689177336322,-0.7932254875361572,0.051452378096950135,2.919143127637561,0.6064536388923948,-0.01897306982432224,-1.3018875494500828
1726406922494398700,27.705398681640624,3.0241591654112807,-0.7932094687457382,0.05201983274361707,2.9211184240026595,0.6063881965889368,-0.02015184307548464,-1.3019663159886319
1726406922504396800,27.715396728515625,3.0283164708729875,-0.7930581679022634,0.05219025520913302,2.923783459566347,0.606541620174792,-0.02102862557505205,-1.3025627411649796
1726406922514393600,27.7253935546875,3.032309186791444,-0.7927704399179355,0.05197721565772023,2.927221552456937,0.6069145916165164,-0.0216353386370426,-1.3036835251235142
1726406922524391700,27.7353916015625,3.0364580177799128,-0.7923875255667561,0.05140218919282035,2.931647852374547,0.6074494927898888,-0.022023642535559117,-1.3051953601422168
1726406922534388500,27.745388427734376,3.0408681681902463,-0.791991241183251,0.05054045501402172,2.9369958917215593,0.608030369282227,-0.022236670342968518,-1.3068087013958969
1726406922544386600,27.755386474609374,3.0452175914620514,-0.7916405226759811,0.049448344083733754,2.9429064432055054,0.6085765871441715,-0.022243133876681198,-1.308309005099082
1726406922554384000,27.7653837890625,3.049196580115069,-0.7913670114696916,0.048234172510992816,2.9488825795819906,0.6090360609618622,-0.022064822387088186,-1.30955708724927
1726406922564381700,27.775381591796876,3.0528590446017896,-0.7911903743285638,0.046992376765145484,2.9547329384226493,0.6093728293084765,-0.02177873376465544,-1.3104725966705781
1726406922574379800,27.7853798828125,3.0563317459400188,-0.7911263999989528,0.04579551702969135,2.9603742209972608,0.6095583975568478,-0.021459258995966252,-1.3109947000217017
1726406922584376600,27.79537646484375,3.0596791095200384,-0.7911461092275756,0.04477659005726073,2.9655070784661715,0.6096166314744542,-0.021228584022385758,-1.3111963516886367
1726406922594374700,27.805374755859376,3.063173036550456,-0.7911895942027836,0.04400580373670339,2.9701397371596983,0.6096169983678925,-0.021202038560407945,-1.3112685766101184
1726406922604371500,27.815371337890625,3.067029286428124,-0.7912228501574278,0.0434197687863903,2.9745844740997964,0.6096097353715297,-0.021376197715358706,-1.3113439002479894
1726406922614369500,27.82536962890625,3.071265248054268,-0.7912544036673426,0.04297796647129639,2.978959112625335,0.6095880314635799,-0.02172115791756522,-1.3114019351206545
1726406922624366800,27.835366943359375,3.0755863151605793,-0.7913272685023957,0.042682100542187934,2.9830458425403537,0.6094976122046414,-0.02218067553398807,-1.3112932063184046
1726406922634364700,27.84536474609375,3.0794117629312203,-0.7914971789148634,0.042574964148996246,2.986305925203368,0.6092661056255523,-0.02268181934266761,-1.3108203856276794
1726406922644361700,27.85536181640625,3.0822235675995624,-0.7917924393287699,0.04267735842392815,2.9882949198335345,0.6088574008450985,-0.02315160862919548,-1.3098779438598942
1726406922654359600,27.865359619140627,3.084070301066199,-0.7922398166541303,0.042933287274997074,2.989198173132908,0.608241899691397,-0.023549927367678046,-1.3083918995971486
1726406922664357600,27.875357666015624,3.085084771219302,-0.7928291010204739,0.04323936463315802,2.989375504112287,0.6074413383941929,-0.02382127809019197,-1.3064150838942437
1726406922674354400,27.8853544921875,3.08551614406683,-0.7935353159312525,0.043537031184896484,2.9891598869806586,0.6064914625376348,-0.023965881942435874,-1.3040422041407247
1726406922684352500,27.8953525390625,3.0854357937410586,-0.7943109809602642,0.043921494249394885,2.988356972701563,0.6054431380367357,-0.02407516562419423,-1.3014126281807388
1726406922694349600,27.905349609375,3.084128936665767,-0.7951210805202713,0.044537086121949114,2.9860577354443536,0.6043310548897924,-0.02414091656202133,-1.2986011604341927
1726406922704347600,27.91534765625,3.082008751705893,-0.7959353125816334,0.0453164388933571,2.982744815012337,0.6031987371696326,-0.0241824412203674,-1.2957259147804534
1726406922714344700,27.9253447265625,3.0788777372413993,-0.7967295494104655,0.04618173878158097,2.9784629134106084,0.6020864783551029,-0.024108282085414316,-1.2928716733636716
1726406922724342500,27.935342529296875,3.0748958554451167,-0.7974818376270834,0.04704705679397644,2.9735464647344663,0.6010315761352237,-0.02388292343875802,-1.29012888925176
1726406922734339800,27.94533984375,3.0706104853572773,-0.7981353702270682,0.04774374649091141,2.968810155225471,0.6001239650839887,-0.023489428225750852,-1.2877290974069493
1726406922744337700,27.955337646484374,3.066523954169198,-0.7986874003182054,0.048176972000787285,2.9648607280688335,0.5993752714905387,-0.022950081521885286,-1.285713228621413
1726406922754335700,27.965335693359375,3.0631856906280452,-0.7991428645265368,0.04836852088662686,2.9620496047356264,0.5987738531088606,-0.022381682597523895,-1.2840770324695612
1726406922764332500,27.97533251953125,3.0603692118949732,-0.79953853117035,0.04850164658300895,2.9597597758324,0.598253555381079,-0.02187327010089659,-1.2826606493566532
1726406922774330600,27.98533056640625,3.0575791949793283,-0.7999229969807907,0.0487777522657089,2.957137749349392,0.5977314267261783,-0.021472532578900007,-1.2812482015304418
1726406922784327700,27.99532763671875,3.054827788658611,-0.8003532246435499,0.04924170136946553,2.954103607764898,0.5971270360855029,-0.0211979078651011,-1.2796405541238811
1726406922794325500,28.005325439453124,3.052270258735663,-0.8008382427217964,0.049841726618959296,2.950906158561074,0.5964322902339908,-0.021035519928774105,-1.2778197316625073
1726406922804322800,28.01532275390625,3.0500194898418864,-0.8013718123610126,0.05058770265994643,2.9476035780166474,0.5956530892976393,-0.021013702043711457,-1.2758070545068205
1726406922814320600,28.025320556640626,3.0483011399003086,-0.8019379556992431,0.05146532374262743,2.9443921021574786,0.5948099589226861,-0.021167433221975417,-1.2736644350263777
1726406922824317700,28.035317626953123,3.0470564046164847,-0.802511985376227,0.052519941215177446,2.9411054429322236,0.5939299180645696,-0.021526513438674358,-1.2714616627556818
1726406922834315500,28.0453154296875,3.0464490529968318,-0.8030467400268364,0.053674576097775685,2.9380331894032765,0.5930828524500648,-0.022080904068762237,-1.2693796324972777
1726406922844313600,28.055313720703126,3.046626171958372,-0.8035198836499836,0.0548276094015888,2.9355210640673794,0.5923090832636185,-0.02279409205869858,-1.2675220085252643
1726406922854310400,28.065310302734375,3.0476274413939692,-0.8039405338860308,0.05591610500708135,2.933752753941396,0.591603529511173,-0.023628451632374318,-1.2658748735954166
1726406922864308500,28.07530859375,3.049241684584435,-0.8043145250539143,0.05690321377195197,2.932663170619519,0.5909644167551594,-0.02451877893042936,-1.2644205811554472
1726406922874305500,28.085305419921873,3.0514132773729132,-0.8046352248326528,0.05774131046878518,2.93232380074647,0.5904080762185276,-0.02542449272253262,-1.2631943126361262
1726406922884303600,28.0953037109375,3.0537357414819013,-0.8048951139862451,0.058455849714638825,2.9323709165295937,0.5899453114348205,-0.026290449230265175,-1.2622033725004034
1726406922894300700,28.10530078125,3.0558828769495268,-0.8050813326332588,0.05900947807067324,2.932653452040734,0.5896025962918968,-0.02703249463311002,-1.2614948717656898
1726406922904298500,28.115298583984377,3.057729067746933,-0.8052011960483378,0.059343452985595214,2.933227703353981,0.5893799583404145,-0.027582528219699486,-1.2610554303622914
1726406922914295600,28.125295654296874,3.059243399362784,-0.8052703339992572,0.05950195317578663,2.9339697371281197,0.5892516233522433,-0.027960919481581883,-1.260821214291047
1726406922924293600,28.135293701171875,3.0604494598234173,-0.8052920987974654,0.05951297534286088,2.934830069952569,0.5892097937533785,-0.02819064016918635,-1.2607761042661372
1726406922934291700,28.145291748046876,3.0611946456861463,-0.8052598235132632,0.05939099315439511,2.935659820181451,0.5892630430945529,-0.02825471193519544,-1.26093498291075
1726406922944288500,28.15528857421875,3.0615790725189362,-0.8051866423583336,0.059210888585302254,2.936353703927415,0.5893829323780632,-0.028221178683332574,-1.2612390428277758
1726406922954286600,28.16528662109375,3.0615766557520536,-0.8050955951319918,0.05910676548931761,2.9365720847712793,0.5895199000531367,-0.028173571615515734,-1.2615731098680827
1726406922964283600,28.17528369140625,3.0609613353089133,-0.8050402047375506,0.059198018971650036,2.9358776416891503,0.5895881407943212,-0.02813854045744411,-1.2617228561401324
1726406922974281500,28.185281494140625,3.0597411116193847,-0.8050433509824746,0.059533563286506865,2.9341650544705318,0.5895497116858142,-0.028145456512005444,-1.261596450172737
1726406922984278800,28.19527880859375,3.058204980791214,-0.8050937205904296,0.06006539291808818,2.931759621825142,0.5894234984998146,-0.028217388021155212,-1.261250732085913
1726406922994276600,28.205276611328124,3.0563380346025277,-0.805188607631349,0.06076138684169813,2.928729814692905,0.5892172599282155,-0.028328399030511462,-1.260701362299591
1726406923004273700,28.215273681640625,3.053793231529156,-0.8053003343449222,0.06163682136595558,2.9247758677207494,0.5889685053079126,-0.028430570769530112,-1.2600244172345896
1726406923014271500,28.225271484375,3.0504815151682454,-0.8054106451135729,0.06273389553124878,2.919724559685741,0.5886965462485594,-0.028540808846835436,-1.2592668707357324
1726406923024269600,28.23526953125,3.0467000272913425,-0.8054771552150162,0.06417528475533238,2.9134752951830953,0.5884367480351337,-0.02881419063042409,-1.2585406481469137
1726406923034266600,28.2452666015625,3.042454418188275,-0.8054627299873519,0.06603224010363413,2.9058423987254702,0.5882264066232751,-0.029313450179892776,-1.2579459171836234
1726406923044264400,28.255264404296874,3.0376077905282477,-0.8053801121965004,0.06826633906389684,2.8968263178782823,0.5880507126105307,-0.029980569240437183,-1.2574325187604274
1726406923054261800,28.26526171875,3.0322834377548005,-0.8052411073453892,0.07082937054218016,2.886640620050086,0.587895635605206,-0.030800516719171875,-1.256967668956344
1726406923064259600,28.275259521484376,3.026980374350837,-0.8050302906289301,0.07357672222423431,2.8759915474756967,0.5877951634209096,-0.03177405614895056,-1.2566531385847308
1726406923074256600,28.285256591796873,3.0226064238191643,-0.8047596288125356,0.07619469257021412,2.866303915134533,0.587772745521728,-0.03285555488343136,-1.2565784114967578
1726406923084254500,28.29525439453125,3.0191495398722337,-0.8044237886024759,0.07858613996896754,2.8577976120988438,0.5878535466376635,-0.03398148259945441,-1.2568027420116112
1726406923094251500,28.30525146484375,3.016233525805884,-0.8040583084993119,0.08092440601025121,2.8497950645366346,0.5879654517382217,-0.035186910012045776,-1.257140519147617
1726406923104249600,28.31524951171875,3.0132256940830437,-0.8036354671070051,0.0833095171788854,2.8415774601123274,0.5881345799865193,-0.03643206665155245,-1.2576267841636686
1726406923114247700,28.32524755859375,3.0105319059845868,-0.8031306108465595,0.08565842289265026,2.8336235099184917,0.5884035442944707,-0.03775063365932132,-1.2583912128487027
1726406923124244700,28.33524462890625,3.008171936120925,-0.8025069284124433,0.0880234175861587,2.825795083732292,0.5888104400005608,-0.03920145004126736,-1.259542094248096
1726406923134242600,28.34524267578125,3.0064087970624214,-0.8017693892743459,0.09051109357610916,2.818024420531788,0.5893217427082387,-0.04090769728920339,-1.2610321007917076
1726406923144239600,28.355239501953125,3.0055056977891668,-0.8009798949610584,0.09319736811454568,2.810357395424825,0.5898318278037729,-0.042942302118158415,-1.262629154854125
1726406923154237400,28.365237548828127,3.0054279824470678,-0.8002304178557138,0.09596845221005444,2.8031059805675826,0.5902378719520287,-0.04517457492486176,-1.2640572114026785
1726406923164234800,28.37523486328125,3.0062940272751173,-0.7995403165389621,0.09865486046775342,2.796783748063327,0.5905473928867396,-0.04749891427437226,-1.2653236233942362
1726406923174232800,28.38523291015625,3.0076406464829875,-0.7989547951641375,0.10111284761902563,2.7914340322782056,0.590742587810508,-0.049706032721090546,-1.266323356462426
1726406923184229600,28.395229736328126,3.0091047118817023,-0.7985215249924086,0.1031868451556658,2.7872005440562546,0.5908075175467881,-0.05159778346854534,-1.2669523625318688
1726406923194227700,28.405227783203124,3.010165338497759,-0.7982298604700303,0.10480377352136956,2.7838723497165363,0.5907898628942713,-0.053033013940132545,-1.2672696284277147
1726406923204224500,28.415224609375,3.0104873290697816,-0.7980157821271479,0.10591175661983712,2.7812864854274855,0.5907987441377849,-0.053947393508197126,-1.2675120561172337
1726406923214222600,28.42522265625,3.010197831739698,-0.7977975424404651,0.10648635000045938,2.7795394519130263,0.5909495411593867,-0.05439060336723408,-1.2679782458964544
1726406923224220400,28.435220458984375,3.009781155921899,-0.797552229913465,0.10657798450187317,2.7788481658824087,0.5912541909200834,-0.054499171420876985,-1.2687475194766322
1726406923234217700,28.4452177734375,3.0093980714907667,-0.797293467176253,0.10624771546065238,2.779192070305478,0.591677305836903,-0.05433677801780563,-1.2697515607095042
1726406923244215600,28.455215576171874,3.008376075465445,-0.7970360771568054,0.10563534887105308,2.779750340351759,0.5921767344803256,-0.05386493734344218,-1.2708505973481403
1726406923254212600,28.465212646484375,3.0059149142201953,-0.796801997084012,0.1049419723541909,2.779461614725031,0.5926874038927932,-0.05306109008662236,-1.271844379130904
1726406923264210700,28.475210693359376,3.002660337972091,-0.7966978195892271,0.10415508585858378,2.7789018940526757,0.5930617504680589,-0.05198217581950548,-1.2724042336153127
1726406923274207500,28.48520751953125,2.9999457029688696,-0.7967971943831219,0.10315558474527732,2.7793928048285483,0.5932091655664509,-0.050753727364522515,-1.272388707738058
1726406923284205600,28.49520556640625,2.99781290463452,-0.797130400415047,0.10182054422500965,2.7812862334335113,0.5931161595631189,-0.049282949757140884,-1.271749975259027
1726406923294202600,28.50520263671875,2.9963067497622355,-0.7976333506671145,0.10034689991766138,2.7840940980796294,0.5928169496767626,-0.04774484100348144,-1.270616169053683
1726406923304200700,28.51520068359375,2.995586373698792,-0.7982219994142222,0.09883210277921392,2.787637097046837,0.5923950689960458,-0.0462800594955187,-1.2692334605449227
1726406923314197500,28.525197509765626,2.994766130527135,-0.7988790551458761,0.09709531548507731,2.7916899372216837,0.5919243611403172,-0.044611494220811704,-1.2676939659726834
1726406923324195600,28.535195556640623,2.994184828412516,-0.7995497356753214,0.09535119928783871,2.7959429770954833,0.5914231904270846,-0.04297664957816217,-1.266107205788737
1726406923334193700,28.545193603515624,2.9937775462440026,-0.8001648399530379,0.09370983181803916,2.8000345454672035,0.590960783997358,-0.041473727062072294,-1.2646598959088302
1726406923344190700,28.555190673828125,2.993645160968933,-0.8007097310236551,0.09217446955314071,2.8040206219660617,0.5905568350424971,-0.04013140480705625,-1.2634091778784144
1726406923354188800,28.565188720703127,2.9942390487723927,-0.8012365106507614,0.09077398573877957,2.808194108255229,0.5901329154850937,-0.03902925645710276,-1.2621898731106853
1726406923364185600,28.575185546875,2.9954214903035794,-0.8017663825557321,0.08944882200957091,2.8126114665163713,0.5896767514154133,-0.03809146909044974,-1.2609500912314038
1726406923374183700,28.58518359375,2.9973255485171264,-0.802294962996878,0.0881547813333376,2.8174713989809668,0.5892018345090138,-0.03731678936467169,-1.2597264012842502
1726406923384180500,28.595180419921874,2.9996143110946853,-0.8028003999896506,0.08681728425326236,2.822695002802496,0.5887568826307854,-0.03660150518052887,-1.2586082804174936
1726406923394178600,28.605178466796875,3.002206406119303,-0.8032705014041094,0.08534331171040363,2.8284406056256324,0.5883759237086184,-0.03587212962580046,-1.2576626461836715
1726406923404175600,28.615175537109376,3.005044826262625,-0.8037012478547069,0.08365819797025341,2.8348467085272384,0.588078160915532,-0.03506767739521792,-1.2569257972508623
1726406923414173700,28.625173583984374,3.0081567630853083,-0.8041032568685789,0.08176381516273262,2.8419366089602836,0.5878467655136277,-0.03418836524135178,-1.2563563678152951
1726406923424170500,28.63517041015625,3.01118082021273,-0.8044879170112967,0.07960409220344758,2.849593637699999,0.5876781327355927,-0.03311941780090076,-1.255913892489449
1726406923434168600,28.64516845703125,3.014004994067601,-0.8048668429011966,0.07720143295023953,2.8576909521033436,0.5875500819880475,-0.031847888220994915,-1.25553880949056
1726406923444166700,28.655166748046874,3.016670692469955,-0.8052545238256752,0.07466330440947129,2.8660067272400798,0.587421120113121,-0.030448672040967985,-1.2551431966685704
1726406923454163500,28.66516357421875,3.0189805066153337,-0.8056744513168893,0.07212023823527254,2.874093380658686,0.5872380825946051,-0.028964249204960373,-1.2545942120895683
1726406923464161500,28.67516162109375,3.0206051305494968,-0.8060912227651843,0.06965783505156267,2.8814847138722235,0.5870380720788712,-0.02740513374827786,-1.2539747241379657
1726406923474158600,28.68515869140625,3.021587138121511,-0.8064407616255852,0.06736970920944652,2.8879506307978358,0.5868946922207193,-0.025869329312386745,-1.2534833039523536
1726406923484156700,28.69515673828125,3.022132907417288,-0.8067031009482659,0.0651966647341042,2.8937759484802794,0.5868441496905649,-0.02436209170578904,-1.253218747930169
1726406923494153500,28.705153564453123,3.0225046769615647,-0.8069038996483827,0.06317210118399066,2.8990830582638054,0.5868465808845038,-0.022946738399484162,-1.2530975009174994
1726406923504151600,28.715151611328125,3.022917192084934,-0.807083736424981,0.06141405477152951,2.903759751711108,0.5868321267293708,-0.02173208984548019,-1.2529626483106806
1726406923514148600,28.725148681640626,3.0234666468775595,-0.8072664406037102,0.05999892060889681,2.9077001324062723,0.5867615923816136,-0.020782212070091847,-1.2527229426236484
1726406923524146400,28.735146484375,3.023797338283595,-0.8074217452884974,0.05880326385252846,2.910933502246303,0.5866977920344786,-0.019953226968555813,-1.2525056919621949
1726406923534143700,28.745143798828124,3.0240464116040626,-0.8075481490689004,0.057648717772647816,2.913993562715835,0.5866651423026867,-0.01914738048780653,-1.2523670485135217
1726406923544141600,28.7551416015625,3.024214785290432,-0.8076288222973074,0.05648308587056691,2.9170008684695348,0.5866935186328969,-0.01833399239224481,-1.2523797246003587
1726406923554139600,28.7651396484375,3.023861171365803,-0.8076996630164657,0.055351764747482386,2.9195438172108275,0.5867309426583602,-0.0174459473109127,-1.2523918161094751
1726406923564136400,28.775136474609376,3.0228020567456384,-0.8078234529642903,0.054344104057891404,2.9213015937039164,0.5866824247824455,-0.016488245937881573,-1.2521607052353148
1726406923574134500,28.785134521484373,3.021465957261562,-0.8080042788725154,0.05351924053203429,2.922440625375828,0.586533816948132,-0.015584541356834803,-1.2516761487884662
1726406923584131800,28.7951318359375,3.02035581830267,-0.8082607031867814,0.0530784588038521,2.922840640169293,0.5862364470599942,-0.014967768090423975,-1.2508512637938398
1726406923594129700,28.805129638671875,3.020252830069818,-0.8085903115920414,0.05317428121600944,2.922690193434459,0.5857749394859237,-0.014898708483172991,-1.2496947972694963
1726406923604126700,28.815126708984376,3.021319419312958,-0.8089701799452678,0.05374383323580455,2.92224738308876,0.5851859498383263,-0.01537367416133444,-1.248303932466795
1726406923614124500,28.82512451171875,3.0232108813530183,-0.8093316595725683,0.05458694001411093,2.9217190227603895,0.5845851917432692,-0.016209460488857977,-1.2469430324779571
1726406923624121600,28.83512158203125,3.025535877237287,-0.8095976592051664,0.055439219631365146,2.921432110055087,0.5841090233433411,-0.017171446726304437,-1.2459210343119838
1726406923634119400,28.845119384765624,3.027756640591736,-0.8097344718877971,0.056099145821111605,2.9214773941684684,0.5838306156774151,-0.01802418142998366,-1.24538039221263
1726406923644116700,28.85511669921875,3.0294664686736676,-0.8096700694351066,0.0564074694774588,2.9219199029165677,0.5838722043385594,-0.018600217043646648,-1.2455939264819202
1726406923654114600,28.865114501953126,3.030593614351966,-0.8093725945023704,0.05625519039886392,2.92296136259528,0.5842919992994358,-0.018818913643610557,-1.2466946483725818
1726406923664111600,28.875111572265624,3.0316022519751087,-0.8088942647468399,0.05565697230250397,2.9249258636642224,0.585013141017883,-0.018762123348400998,-1.2485172594734937
1726406923674109700,28.885109619140625,3.0329869204023465,-0.808317317482066,0.05473421572963077,2.9279143514658537,0.5859028309095213,-0.01858041216754381,-1.2507625031369487
1726406923684107500,28.895107421875,3.034762049915705,-0.8076757233068421,0.053565181259837745,2.931767123229419,0.5869030781801386,-0.018315640452232565,-1.2532900174663038
1726406923694104600,28.9051044921875,3.037092507397594,-0.80698204277225,0.052186681863073854,2.936525037850407,0.5879897214403043,-0.018016884407475356,-1.2560494684492451
1726406923704102400,28.915102294921876,3.0401000355241,-0.8062400327161204,0.050593018085091576,2.9422994943280236,0.589155529428312,-0.017696655161918873,-1.2590265759704442
1726406923714099700,28.925099609375,3.0433233273986975,-0.8054812648154797,0.0487212444866568,2.9489306950672725,0.59036453717055,-0.017206532253294163,-1.2621044048763312
1726406923724097500,28.93509765625,3.045189478047868,-0.8047366485848892,0.046755504276310915,2.9548319816734794,0.5915613432470951,-0.01637043882811645,-1.2650846582801063
1726406923734094600,28.945094482421876,3.046520518872615,-0.8040389620728229,0.04455318752681616,2.9609620048024943,0.592709271769264,-0.015235146684375032,-1.2679123503096463
1726406923744092700,28.9550927734375,3.0472990861279086,-0.8034367012173163,0.0421851189778716,2.967148762618578,0.5937325067642456,-0.013836630447840675,-1.2704036551936364
1726406923754089500,28.96508935546875,3.0478153412104065,-0.8029706401965677,0.03978771280333456,2.9732798253329675,0.5945614493241949,-0.012319299434166764,-1.2724064982564562
1726406923764087600,28.975087646484376,3.0483547874572117,-0.80267907623694,0.037446619497415345,2.979363157240122,0.5951367354073923,-0.010791333728963577,-1.2737862759880334
1726406923774084600,28.985084716796877,3.048955882610671,-0.8025771899257995,0.035260056346214534,2.9851842921303287,0.5954320930256458,-0.009331675660992328,-1.2744796506848688
1726406923784082700,28.995082763671874,3.049346774945586,-0.8026091366187823,0.03336026556706481,2.9901902287486615,0.5955179941770978,-0.008006000274535017,-1.2746578813035045
1726406923794079500,29.00507958984375,3.049476896093637,-0.802696919487292,0.03185487993389248,2.99404649697447,0.5954958033146943,-0.006906238870931612,-1.2745713966910948
1726406923804077600,29.01507763671875,3.0496448809172843,-0.8027978383938036,0.03073787464345006,2.9969729343515157,0.5954273831197625,-0.006094275117998404,-1.274383020104823
1726406923814075600,29.02507568359375,3.049823138707479,-0.8029007786396078,0.029996777581400492,2.998975787705876,0.5953315741077265,-0.00555909551463699,-1.2741352410063094
1726406923824072700,29.03507275390625,3.0496850750401574,-0.8029987209338769,0.02954118887844866,3.0000354961416815,0.5952257128437686,-0.005176579133046606,-1.273858069509386
1726406923834070800,29.04507080078125,3.048806791945455,-0.803105156841344,0.029172666956920015,3.0003356487327584,0.5951039258404055,-0.004720354188462706,-1.2735187333309799
1726406923844067300,29.0550673828125,3.04754619732628,-0.803228255092393,0.028661733728130065,3.00071249424045,0.5949673490156765,-0.004085586949084305,-1.2731294425022477
1726406923854065400,29.0650654296875,3.0464200586651464,-0.8033552595827639,0.028014870634054848,3.001527164976815,0.5948312809331593,-0.003374736894356302,-1.2727457308908383
1726406923864062200,29.075062255859375,3.045243725472625,-0.8034733940274917,0.027464079292119026,3.002064145345587,0.5947004891364369,-0.0027268799039079058,-1.272374983162481
1726406923874060300,29.085060302734377,3.0436466665239497,-0.8035773512155073,0.027168900293411794,3.0016535257746697,0.5945758634372267,-0.0021918338509685016,-1.2720101491993603
1726406923884057300,29.095057373046874,3.0414276601078685,-0.8036675678263674,0.0270351099556254,3.000381116023022,0.5944618305516743,-0.001663118195024167,-1.2716530320150123
1726406923894055400,29.105055419921875,3.039195054947141,-0.8037190874562642,0.027172318157442348,2.9984151648859845,0.5943867656245565,-0.0013389467499504374,-1.2713933195686584
1726406923904052200,29.11505224609375,3.036908316075835,-0.8037253768209425,0.02762717257422218,2.995607629642633,0.5943574469512412,-0.0012478293205279087,-1.2712459795796665
1726406923914050300,29.12505029296875,3.0327621623866183,-0.8036481515572348,0.028602112131222334,2.990114130812398,0.5944157957190376,-0.0012147496897627202,-1.2712545389653889
1726406923924047400,29.13504736328125,3.0293525134311845,-0.8034929220934526,0.029514028427996015,2.9852887189673187,0.5945808520351513,-0.0012931757190693552,-1.2715513658633595
1726406923934045400,29.14504541015625,3.026934624401581,-0.8032780107127258,0.030163897100762442,2.981816634579979,0.5948383815863686,-0.0013815583154380378,-1.2721122035222932
1726406923944042500,29.15504248046875,3.0249351285127815,-0.8030448669757818,0.030487195831084925,2.979451171708274,0.5951367606837258,-0.0013157059432956936,-1.2727883146375447
1726406923954040300,29.165040283203126,3.022856900811814,-0.8028211939944807,0.030506616304395755,2.977781330241674,0.5954380158595158,-0.0010123841751302793,-1.273466888707463
1726406923964038400,29.175038330078124,3.0204229879790137,-0.8025944643990729,0.030133184786199824,2.976818477323168,0.5957633336247302,-0.00035899652942153297,-1.2741915664553127
1726406923974035200,29.18503515625,3.0181046253990016,-0.8023717121234937,0.029194359165231373,2.9773411787836523,0.5961097843767835,0.0006869465535310341,-1.2749754098413961
1726406923984033300,29.195033203125,3.016544928029347,-0.8021648640989251,0.027717622079223424,2.979763419586877,0.5964555472765082,0.0019930439086573194,-1.2757919890906346
1726406923994030300,29.2050302734375,3.0154990994629256,-0.8019920825856687,0.025875275547844336,2.9834878230139315,0.5967637786655273,0.0034853843664856806,-1.2765440948288893
1726406924004028400,29.2150283203125,3.0149331317567736,-0.8018589444276134,0.02382784788250006,2.988095265539388,0.5970166707209023,0.0050553031511830675,-1.2771865152024482
1726406924014025500,29.225025390625,3.014970170774013,-0.8017720579288377,0.021649494434140566,2.9934964445817553,0.5972009705038455,0.006628331860751325,-1.2776903788412033
1726406924024023300,29.235023193359375,3.0153966488271955,-0.8016874364552307,0.019542799151870766,2.999012832529555,0.5973693341082613,0.008081594266264874,-1.278175333777811
1726406924034020400,29.245020263671876,3.0156336778867985,-0.8015777609825862,0.01765564898320488,3.003837183847201,0.5975558208398652,0.00940311761952375,-1.2787019324782019
1726406924044018200,29.25501806640625,3.0157488783208115,-0.8015036900977428,0.01607480430484347,3.0078260814674773,0.597681000699161,0.010532045995018193,-1.2790687937621237
1726406924054015500,29.265015380859374,3.0158426466573585,-0.8014149963396503,0.014734460920950637,3.0111971883666526,0.5978168150187425,0.011484419274971226,-1.279457888063953
1726406924064013300,29.275013427734375,3.0158224174098507,-0.8012956645533486,0.013601726976989444,3.0139571866516843,0.5979875788658933,0.012296733060607561,-1.2799279333346052
1726406924074010400,29.28501025390625,3.015621401067368,-0.8011352298894212,0.012720657292833615,3.0159424803819688,0.5982081171441761,0.012945307399328759,-1.2805096115396257
1726406924084008400,29.295008544921874,3.015554300754072,-0.8009308854338666,0.012093781489819622,3.0173788910482138,0.5984854661962721,0.013370463323766336,-1.2812292805797219
1726406924094005200,29.305005126953127,3.0157787734644015,-0.8007199569697728,0.011752834679418012,3.0183179909936895,0.5987707787809954,0.013529641804596749,-1.281964983839479
1726406924104003300,29.31500341796875,3.0159883132289815,-0.8005529386588764,0.011744610169366735,3.0184332668808467,0.59899589247388,0.013455527475700179,-1.282535632193423
1726406924114001200,29.325001220703125,3.016197055390134,-0.8004602836389461,0.012135077052435718,3.0175813050351272,0.5991197539157435,0.01310376167759425,-1.2828359122017134
1726406924123998500,29.33499853515625,3.0159190102871483,-0.8004460536450663,0.012794768217057495,3.0157245804731456,0.5991345598682704,0.012658708091489468,-1.282838558841746
1726406924133996300,29.344996337890624,3.01522698466442,-0.8004852523797856,0.013563297501336218,3.01330854484758,0.5990742789065568,0.012220811994953442,-1.2826375107881811
1726406924143993300,29.354993408203125,3.014451242287323,-0.8005434591445046,0.014261494863638337,3.011013352866772,0.5989876940603571,0.011855775508971676,-1.2823718100338894
1726406924153991400,29.364991455078126,3.014026027655586,-0.8006028348397303,0.014811248891962404,3.0093499296297517,0.598901140190955,0.011539134047000896,-1.2821218970337263
1726406924163988200,29.37498828125,3.014248394160314,-0.8006384497179917,0.015322445991407968,3.0082555302603278,0.5988483650385896,0.011128967563321239,-1.2819776443317843
1726406924173986600,29.384986572265625,3.015460328101954,-0.8006561604257185,0.015822547573199598,3.0079179963855913,0.5988223929947776,0.010544855113589196,-1.2819319199168755
1726406924183983400,29.3949833984375,3.0167123646763128,-0.8006048935971295,0.016423087080911898,3.007334201228443,0.598886404636605,0.009860708253759657,-1.2821106661172597
1726406924193981400,29.4049814453125,3.0178439199844402,-0.8004648836517713,0.017103766508002625,3.006428073517907,0.5990662677638824,0.009115261984381673,-1.2825758267719207
1726406924203978200,29.414978271484376,3.018586656424668,-0.8002537609594336,0.017914167832832676,3.0048829397981245,0.5993360390331617,0.00832422742788484,-1.2832534268582108
1726406924213976300,29.424976318359374,3.018921539674671,-0.7999531354830979,0.01876244250919679,3.002905557436264,0.5997216060536473,0.007553615680223896,-1.2842116697941206
1726406924223973400,29.434973388671875,3.019024156002864,-0.7995058207476119,0.019553750160331777,3.0008400113769294,0.600301192270515,0.006826251709155939,-1.2856540373430354
1726406924233971500,29.444971435546876,3.0190205649775788,-0.7989309642483952,0.020227212829028698,2.9989381641627393,0.6010508659652408,0.006169240798575109,-1.28752669890112
1726406924243968300,29.45496826171875,3.019243772807522,-0.7983256724430184,0.0208221243733797,2.9973883493449573,0.6018406367914588,0.005520897537028563,-1.2895121213804244
1726406924253966300,29.46496630859375,3.0197361935961284,-0.7977573764408622,0.02130113885899601,2.9963430291368915,0.6025822070889798,0.004921198621948649,-1.2913893222276627
1726406924263963400,29.47496337890625,3.020650749374606,-0.7972258728159083,0.02163924529821898,2.995981491684661,0.6032774238997661,0.004363678241277418,-1.2931670080624946
1726406924273961200,29.484961181640625,3.0219827840380717,-0.7967372987791795,0.021828481380347042,2.9963248265455125,0.6039192405830748,0.0038584931982546147,-1.294826966783757
1726406924283959300,29.494959228515626,3.0234977920385457,-0.7963111106583097,0.02188591610106142,2.997162560581442,0.6044815331957699,0.0034397416898238435,-1.2962937722933934
1726406924293956400,29.504956298828127,3.025372867796942,-0.7959823674541207,0.021804329767626626,2.998660325137818,0.6049191149277365,0.0030923928855836817,-1.2974578234557745
1726406924303954400,29.514954345703124,3.0278599780202544,-0.7957804375782328,0.021601929510710362,3.00097413387565,0.6051936666549237,0.0027675966309029486,-1.2982292106862883
1726406924313951200,29.524951171875,3.0312202696501065,-0.7957562206540625,0.021311191042757117,3.004237425974833,0.6052372204594088,0.0024086489654390046,-1.2984407025651536
1726406924323949300,29.53494921875,3.035566492743152,-0.795947939881019,0.021044439092082055,3.008263108870105,0.6049961174086343,0.0019179961555675095,-1.2979585788641157
1726406924333946400,29.5449462890625,3.0405612349281825,-0.7963398386411724,0.020920611527260095,3.0124843639283108,0.6044862558450363,0.0012539115966584164,-1.2968120205955365
1726406924343944200,29.554944091796877,3.04520908117843,-0.7969125283515599,0.020966111481258706,3.0160680925612144,0.603730446054927,0.0005566128508438288,-1.2950320237858386
1726406924353941500,29.56494140625,3.0495580550483914,-0.7976126939121078,0.02101630097053517,3.019441051220209,0.6028038128952011,-0.00007347823842589443,-1.2928138454891598
1726406924363939300,29.574939208984375,3.0536989884576498,-0.7983896206731159,0.021041080325599107,3.022728696586214,0.6017731291752008,-0.0006423793307774724,-1.2903278743194524
1726406924373936400,29.584936279296876,3.057535255943562,-0.7992020660699503,0.02111474623935842,3.0256599803340283,0.6006903115950545,-0.0011981255298509723,-1.2877047509603905
1726406924383934200,29.594934326171874,3.060739795683633,-0.7999998692466779,0.021408889004702725,3.0275498656804927,0.5996153249273347,-0.0018198069703345646,-1.285088080179299
1726406924393931300,29.60493115234375,3.0633144621049824,-0.8007312514784048,0.021930141078922293,3.0283747902734355,0.598616952026322,-0.002518735480216472,-1.2826527584460619
1726406924403929300,29.614929443359376,3.065293779438546,-0.8013223991247631,0.022619501963025753,3.0282934438219065,0.5977961539052439,-0.003267392650047373,-1.280652402300405
1726406924413926400,29.624926513671873,3.0669594486230483,-0.8017072554436252,0.023473745990157686,3.027510481822637,0.597241510860164,-0.004123371377610074,-1.2793151786490016
1726406924423924500,29.634924560546875,3.0682798757545973,-0.8018368227483016,0.02440617675017372,3.026207699166427,0.5970232726886211,-0.005024707816569275,-1.2788161317105415
1726406924433921300,29.64492138671875,3.069522647022504,-0.801699143047532,0.025377561900583476,3.0246792772865634,0.5971588657547459,-0.005992465708577004,-1.279205108669465
1726406924443919400,29.65491943359375,3.0706217501585047,-0.8013241350864294,0.02637026332623114,3.0229279703495022,0.5976080413437193,-0.006996252552390253,-1.2803790810163953
1726406924453916400,29.66491650390625,3.0717879188875132,-0.8007832839528064,0.02737492443426682,3.0211526646836067,0.5982741081307269,-0.008053461499284983,-1.2821031136602052
1726406924463914500,29.67491455078125,3.073118237177359,-0.8001615552966532,0.02840773711328047,3.0194084037056483,0.5990411310783361,-0.009176770629580415,-1.2840908468703935
1726406924473912300,29.684912353515625,3.0748883257950186,-0.7995251436235608,0.029378520375083844,3.018144555337268,0.5998247374604504,-0.010334339655635827,-1.2861361246442362
1726406924483909400,29.694909423828125,3.0768212757422666,-0.7989841567005769,0.03030891764782615,3.0171308830764625,0.6004782385184563,-0.011470718721552517,-1.2878625156631591
1726406924493907500,29.704907470703127,3.0787776205287196,-0.7984956928233841,0.03127920307467829,3.0160514429174445,0.6010546477439391,-0.012629408663512618,-1.289401986651497
1726406924503904300,29.714904296875,3.080687468682618,-0.7980640155429203,0.032318181464453796,3.0147824829064884,0.6015466043972953,-0.01381916584386686,-1.290735468154172
1726406924513902300,29.72490234375,3.0828355389709277,-0.7976810717144639,0.0334039248717881,3.0135905304967396,0.6019650916223046,-0.015074726007265732,-1.29189843667956
1726406924523899400,29.7348994140625,3.085210465142344,-0.7973175918832079,0.0345690479309673,3.0123781346166325,0.6023452305454216,-0.016423825715182413,-1.2929792435684477
1726406924533897500,29.7448974609375,3.087684251336494,-0.7969677946965202,0.03597181066950952,3.010652301248326,0.6026821569156905,-0.017963768201072684,-1.2939746035159685
1726406924543894300,29.754894287109376,3.089920205273064,-0.7966249648892167,0.03764524513476655,3.0080736921944387,0.6029799389447907,-0.019663129050679344,-1.2948881642049719
1726406924553892400,29.764892333984374,3.091616870560195,-0.7962747506437509,0.039490916670501475,3.0046557423300295,0.6032653205919988,-0.021400259268865022,-1.2957776180736613
1726406924563889200,29.77488916015625,3.0932779079143122,-0.7959007065598356,0.04160307541406501,3.0005384540502953,0.6035450250862525,-0.023335363206674994,-1.2966825452381607
1726406924573887200,29.78488720703125,3.094707134722953,-0.7955114184836876,0.043877894367137016,2.9958344994166906,0.6038156774527013,-0.025356092623305633,-1.2975861471243715
1726406924583884300,29.79488427734375,3.095857340841351,-0.7951315384380353,0.04620699935189966,2.9907846014561525,0.60405435781975,-0.027368844232837156,-1.2984210083678513
1726406924593882400,29.80488232421875,3.09665525537196,-0.7947801446869461,0.048491674450477626,2.985584696159548,0.6042479165003745,-0.029283714390845372,-1.2991427785846665
1726406924603879400,29.81487939453125,3.097597549045668,-0.7944803952800583,0.050781762511238955,2.9804937256025212,0.6043571801286063,-0.031216566969104863,-1.2996717510485039
1726406924613877200,29.824877197265625,3.098459570833135,-0.7942499045360643,0.05304856121935257,2.975418695436929,0.6043650671206852,-0.03310357328662259,-1.2999544042251276
1726406924623874300,29.834874267578126,3.0991221476834263,-0.7940738816350174,0.05530550971291504,2.9702321230030053,0.6042907987048223,-0.0349370839778956,-1.3000348486392628
1726406924633872400,29.844872314453124,3.099733696445199,-0.7939092491344184,0.057522216887993714,2.9651111294677626,0.6041939262601744,-0.036728277828971125,-1.3000653955281136
1726406924643869400,29.854869384765625,3.100622992289064,-0.7937365629433181,0.0595814124269317,2.9605928960707533,0.6041141584525501,-0.03844939242327592,-1.3001441289194515
1726406924653867300,29.8648671875,3.1021796192990165,-0.7935257518162131,0.061535277653554966,2.9568341560623432,0.6040805853321051,-0.04021179491035874,-1.3003654899684203
1726406924663864300,29.8748642578125,3.104642680440868,-0.7932944577578223,0.06344590248970565,2.9538668925103377,0.6040582611134608,-0.04209762672699847,-1.3006579782971688
1726406924673862400,29.8848623046875,3.1075539288345633,-0.7930708725919174,0.06527071854539047,2.95145777989343,0.6040224397004192,-0.04399169323867814,-1.3009352621547272
1726406924683859500,29.894859375,3.1111401116151374,-0.7928369660561455,0.06698569476165399,2.9498343659953843,0.603998243697712,-0.04591793905806748,-1.3012656000554368
1726406924693857500,29.904857421875,3.115080280709232,-0.7925619550095651,0.06836402631647871,2.949311218062008,0.6040697470610968,-0.04766091354578993,-1.3018145290505176
1726406924703854300,29.914854248046876,3.1187928737093578,-0.7921842944814493,0.06947768160035453,2.9492498093035215,0.6043154019807807,-0.04919007432938769,-1.3027628474885373
1726406924713852400,29.924852294921877,3.1214980964266172,-0.7917005198768771,0.07032559033094414,2.9490591096042036,0.6047537254090435,-0.0503752881579549,-1.3041234979200864
1726406924723850200,29.934850341796874,3.123667341349985,-0.79115616071374,0.07071145510989749,2.9496023121993176,0.6053567156716058,-0.05113841781991608,-1.3058079076052653
1726406924733847300,29.944847412109375,3.1257596613832623,-0.7906041162024905,0.07059212103282715,2.9513548974210835,0.6060599044634697,-0.051509964032234644,-1.3076614133725415
1726406924743845400,29.954845458984376,3.1279374494125385,-0.7900968672263673,0.07005764842323987,2.9542324232103776,0.606777799372644,-0.05157037844987813,-1.3094859480849037
1726406924753842400,29.964842529296874,3.130805499986701,-0.7896728630713163,0.0694057081814238,2.9579646665160304,0.6073992223166256,-0.051631310508602944,-1.3110703238355261
1726406924763840500,29.974840576171875,3.1335923495459785,-0.7893678340186141,0.0686430808289075,2.96195012282823,0.6078877277191699,-0.0515662234989253,-1.3122918484129495
1726406924773837300,29.98483740234375,3.136732464373175,-0.7891822108136989,0.06794342822074614,2.9660840461419173,0.6082062655847245,-0.05157782870623627,-1.313100928756008
1726406924783835400,29.99483544921875,3.1407493566026785,-0.7891044922353553,0.0673751239336766,2.9705922025172162,0.6083509247718311,-0.051806105034785346,-1.3135167951550903
1726406924793832200,30.004832275390626,-3.1382921853066184,-0.7891254971521368,0.06691320506825274,2.9749536555789384,0.6083481174013944,-0.05211633862960731,-1.31357489929752
1726406924803830300,30.014830322265624,-3.1344699535501257,-0.7892363386926357,0.06658073165473094,2.978759210333401,0.6082115111632826,-0.05245842429365336,-1.3133003875004836
1726406924813827300,30.024827392578125,-3.131116659359643,-0.7894391556210232,0.06631074465787846,2.982060940260723,0.6079515499505774,-0.05275976469733159,-1.3127038041289092
1726406924823825400,30.034825439453126,-3.128310820542009,-0.789702031586871,0.06606448190447912,2.984888609425376,0.6076172706751282,-0.05298455740926123,-1.3119033530071766
1726406924833822200,30.044822265625,-3.126070836247452,-0.789981217451151,0.06580822569422895,2.9873051291802644,0.6072710669356747,-0.05311089449526018,-1.3110522564633622
1726406924843820500,30.054820556640625,-3.124556903049719,-0.7902268668856455,0.06554124190793437,2.989181884384481,0.6069796375091916,-0.05311871426172327,-1.3103151591574134
1726406924853817600,30.064817626953126,-3.1228476306746904,-0.7904179226708412,0.06522166947754648,2.991330005445046,0.6067644004421057,-0.05312739801835223,-1.3097677081456687
1726406924863815400,30.0748154296875,-3.1208208696280386,-0.7905314091099015,0.06494718489494818,2.9935948303682154,0.6066368707044378,-0.05323328771074542,-1.3094605149905023
1726406924873812700,30.084812744140624,-3.119392582150647,-0.7905684266680446,0.06488427582903994,2.9948550414442097,0.6065795022777486,-0.05341268066231894,-1.3093474726885457
1726406924883810600,30.094810546875,-3.1190439852394762,-0.7905634052541435,0.06500577501748818,2.9948159980647397,0.6065599276028961,-0.05356185999642834,-1.3093294155076833
1726406924893807600,30.1048076171875,-3.120114067014908,-0.7905661040557275,0.0651114014575479,2.99372918015975,0.6065533885205506,-0.05346768236873675,-1.3092984144910151
1726406924903805400,30.114805419921876,-3.122394323126862,-0.7906151352497935,0.06507636288468989,2.992074866619505,0.6065285835590971,-0.05306432954683572,-1.3091592524514786
1726406924913802500,30.124802490234377,-3.1256360456669583,-0.7907158437618741,0.06489399492857684,2.990062588232093,0.6064758736311424,-0.052385804000808577,-1.3088941308458764
1726406924923800800,30.13480078125,-3.1296523346335317,-0.7908575744954693,0.06460367538471519,2.9877359880850487,0.6063984651848106,-0.05149278468841829,-1.3085223506094956
1726406924933797600,30.144797607421875,-3.133838863015329,-0.7910414885408975,0.06429631436397362,2.9853316626625155,0.6062704481273437,-0.05055113222807146,-1.3080128531901085
1726406924943795700,30.154795654296876,-3.1379403675745925,-0.7912544764943542,0.06424684089524586,2.982353423716814,0.606059040211261,-0.04981071316050753,-1.3073344932908562
1726406924953792500,30.16479248046875,3.141489285044913,-0.7914784829924478,0.06468887786886299,2.978412776931334,0.6057457356364119,-0.04949156605132791,-1.306484608337919
1726406924963790600,30.17479052734375,3.1382122068908274,-0.7916974187921811,0.06565902808660984,2.973517926659282,0.6053426175263982,-0.04964402127122135,-1.3055026093610473
1726406924973787600,30.18478759765625,3.135579836231724,-0.7919476163742725,0.0670664564640583,2.9680334715822854,0.6048132335490845,-0.050219116310764325,-1.30428980446013
1726406924983785700,30.19478564453125,3.1332273121401455,-0.7922404937935005,0.06879224023118545,2.9619839177290377,0.6041647589691371,-0.05106333216189224,-1.302836603558846
1726406924993782500,30.204782470703126,3.1310578476412765,-0.7925901654974072,0.07068669945227402,2.955676392573184,0.6034033960773609,-0.05204373293532663,-1.3011335685417955
1726406925003780600,30.214780517578124,3.129122950222654,-0.7930131150804337,0.072623046551607,2.9494735085743593,0.6025277255168865,-0.053069207579700156,-1.2991589774824028
1726406925013777400,30.22477734375,3.128365159305501,-0.7934922891528814,0.074487074464983,2.944371876718404,0.6015664991668819,-0.054216977572298035,-1.2970086209497735
1726406925023775500,30.234775390625,3.130072877343346,-0.7940335570579792,0.0761320157717101,2.941707440477462,0.6005191918591913,-0.055600534426527966,-1.2947140369149468
1726406925033772800,30.244772705078127,3.133951606602331,-0.7945998613016153,0.07755253742526276,2.941246852656864,0.5994386203638876,-0.05718357436914313,-1.292399146037135
1726406925043770600,30.2547705078125,3.1397377562092217,-0.7951392850956515,0.07876015020493377,2.9427368137743986,0.5983939225791167,-0.05894915007495041,-1.2902297935944527
1726406925053768700,30.264768798828126,-3.1370693844688655,-0.7956084009566988,0.07983303618034839,2.944975012352607,0.5974482574124378,-0.06074156922219898,-1.2883197410816072
1726406925063765500,30.274765625,-3.130916935914401,-0.7959682065493343,0.08076708985592532,2.947349583843821,0.5966696741312025,-0.06242319366264368,-1.2868010734593835
1726406925073763600,30.284763671875,-3.125376301436524,-0.7962179269819513,0.08134743920460318,2.950111248352498,0.5961153442558395,-0.06376691106526418,-1.2857548742226006
1726406925083760400,30.294760498046877,-3.1206981689179787,-0.7963215715855411,0.08142649633132182,2.9534386444712366,0.595873618839027,-0.06462389505226092,-1.2853576673056355
1726406925093758500,30.304758544921874,-3.1160449190075754,-0.7962327370935899,0.08099673108696678,2.957976743417274,0.5959948771172299,-0.06513808626251731,-1.2857662955439135
1726406925103755800,30.314755859375,-3.111171321112775,-0.795981426195173,0.08014956459993966,2.963696643835329,0.5964154810399348,-0.06540737793868015,-1.2868452460150253
1726406925113753600,30.324753662109377,-3.1069138856910765,-0.7956346478227109,0.07895975952339405,2.9698047469767053,0.5970457568315277,-0.06532421457737109,-1.2883501523337098
1726406925123750700,30.334750732421874,-3.103834907461122,-0.7952362115752964,0.07743272879110537,2.9758755142207107,0.5978347380748963,-0.06478577993643103,-1.29013600074044
1726406925133748500,30.34474853515625,-3.102296795585011,-0.7948345463523305,0.07559506574353671,2.9815756471522126,0.5987156279040647,-0.06374281243642918,-1.2920349924074828
1726406925143745500,30.35474560546875,-3.1027439666869334,-0.7945184127093945,0.0735964276419179,2.9862014589356343,0.5995436036714099,-0.062222121372664856,-1.2937061565407428
1726406925153743600,30.36474365234375,-3.1049233972218437,-0.7943298203349499,0.07169578537525867,2.9892925976589635,0.6002037602260683,-0.06045978395054369,-1.2949275230648478
1726406925163740700,30.37474072265625,-3.107522380133944,-0.794280520308107,0.07003645469750187,2.991479192177424,0.6006308373777892,-0.058787962695838206,-1.2956054534452262
1726406925173738800,30.38473876953125,-3.1091107692179563,-0.7943797535613295,0.06866489330344214,2.993728029860632,0.6007841501272665,-0.05748368901539865,-1.2956879146593032
1726406925183735600,30.394735595703125,-3.1089291193510697,-0.7946299831075648,0.06750562157588214,2.9968032501429205,0.6006666651097555,-0.056620058050649257,-1.2951879928022878
1726406925193733600,30.404733642578126,-3.1075284386703457,-0.7949844662933306,0.06642591255706852,3.00061159520388,0.6003748988586638,-0.056012465952910005,-1.294303655992253
1726406925203730700,30.414730712890623,-3.1063476677689663,-0.7953504349969213,0.06544703199734977,3.0039986923384294,0.6000503645563003,-0.05544391377216327,-1.2933495991863377
1726406925213728800,30.424728759765625,-3.1062026972856978,-0.7956688835157926,0.06437492628828084,3.0068292301392767,0.5998181035336203,-0.05463572753344757,-1.2925825704457372
1726406925223725600,30.4347255859375,-3.1070308541168057,-0.7959215263468764,0.06299497120283225,3.009688367985695,0.5997372007750427,-0.05343889382636628,-1.2921194867660204
1726406925233723600,30.4447236328125,-3.1082650939675704,-0.7961156389755507,0.06126280027876097,3.013116529377969,0.5997929431691962,-0.05191583379870624,-1.2919372129945979
1726406925243720400,30.454720458984376,-3.1098594935798505,-0.7962839677546252,0.059227767782685174,3.017028080449689,0.5999275440177947,-0.05010719897901197,-1.2919035819179416
1726406925253718500,30.464718505859373,-3.111810074000604,-0.7964498836229873,0.057066262423704876,3.0209872636135056,0.6000777848897679,-0.04814259346280569,-1.2918946980231512
1726406925263715600,30.474715576171874,-3.1140573495911097,-0.7966340829121982,0.05497187911081371,3.024555892044172,0.600183303236401,-0.046174694433724746,-1.2917899968937743
1726406925273713700,30.484713623046876,-3.1166578807512186,-0.7968908715084934,0.0529335184987648,3.027725057389491,0.6001758652340144,-0.04418053806590919,-1.2914163455805832
1726406925283710700,30.494710693359377,-3.119391967189486,-0.7972339119201735,0.050929584984565957,3.0307158566306454,0.6000375456227648,-0.04218054809427916,-1.2907297424094824
1726406925293708500,30.50470849609375,-3.121923562929202,-0.7976472691434203,0.04903977628387626,3.033580746902937,0.5997753159912133,-0.04029380193760037,-1.2897663326146147
1726406925303705600,30.51470556640625,-3.124211105136884,-0.7981056529764612,0.0473274217893396,3.03618995881589,0.5994157303444966,-0.03857731595182792,-1.2885983554919533
1726406925313703400,30.524703369140624,-3.126478044140692,-0.7985635059710494,0.04583518755655297,3.0382647977282664,0.5990194297404435,-0.037028263377913526,-1.2873756949639037
1726406925323700700,30.53470068359375,-3.1288281425771984,-0.7989931152944435,0.04462553401578721,3.0395694547055085,0.598619863516826,-0.03567706436443587,-1.2861837777830816
1726406925333698600,30.544698486328127,-3.131214176268082,-0.7993974272964588,0.043659932534072944,3.0402368388559666,0.5982200462143474,-0.03450232177258537,-1.2850227543467685
1726406925343695600,30.554695556640624,-3.1329252724512187,-0.7997594066873298,0.043061434008902166,3.0404903894337565,0.5978240504314141,-0.03372184252981643,-1.2839292493468022
1726406925353693400,30.564693359375,-3.1345478398652347,-0.8000615958740764,0.042748934690534,3.0400916149715074,0.5974726275467545,-0.03317391741626924,-1.2829803186791546
1726406925363690500,30.5746904296875,-3.1362146260282566,-0.8002936460294848,0.04262304026119768,3.039188192133879,0.5971933928733868,-0.0327622579860745,-1.282230551686869
1726406925373688600,30.5846884765625,-3.1379390297982583,-0.8004668916322658,0.04250666745371271,3.038212664612064,0.5969918341171279,-0.032352336947235674,-1.2816750403444674
1726406925383685600,30.594685546875,-3.1400463841628237,-0.8005897823251755,0.04234959332044357,3.0370479616433115,0.5968652014435926,-0.031848656952997614,-1.2812934785647254
1726406925393683700,30.60468359375,3.1402271164276914,-0.8006865927660898,0.04216579130560666,3.0353479861687176,0.5967834811022987,-0.031184166196593623,-1.2810027220812548
1726406925403680500,30.614680419921875,3.1371646171488994,-0.8008050804569872,0.041997847704424274,3.0335005440192337,0.5966716729974304,-0.030501154899718223,-1.2806337719005527
1726406925413678600,30.6246787109375,3.1344877405632112,-0.8009922464352793,0.041897986659317855,3.0317826686417617,0.59645649768271,-0.029927708484288953,-1.2800210011295587
1726406925423675600,30.634675537109374,3.132214488868656,-0.8012580471657265,0.04190169161281169,3.0301219625185123,0.5961207970046714,-0.02949128516598385,-1.279125080214246
1726406925433673700,30.644673828125,3.1301087100911786,-0.8015770664283687,0.04197381612393525,3.0284272422407246,0.5957045723531473,-0.029126245911471914,-1.2780374629659914
1726406925443670500,30.65467041015625,3.1272971038317148,-0.801881836375937,0.04211789797949483,3.026031197387399,0.5953055086361577,-0.028686328701112356,-1.276980523949272
1726406925453668600,30.664668701171873,3.1241195061060583,-0.802173753879257,0.04224694428446014,3.0234037576834125,0.5949277284636164,-0.02816763707254002,-1.275963771118423
1726406925463665400,30.67466552734375,3.120855181065178,-0.8024254895961207,0.04241155179622861,3.0206216181038776,0.5946002240621545,-0.027661556411378428,-1.27507128009641
1726406925473663500,30.68466357421875,3.1174228731554074,-0.8026284489491514,0.04262205401962364,3.0175965864134526,0.59433421301822,-0.027162714007205126,-1.2743291860405115
1726406925483660800,30.694660888671876,3.114627839372916,-0.8027462019284063,0.042816076165344996,3.0150706323155543,0.5941786447189935,-0.02677839031958844,-1.2738771240397964
1726406925493658600,30.70465869140625,3.1132976201085065,-0.8027465452942757,0.04272982713722258,3.014300730496798,0.594198107609907,-0.026473307156990932,-1.273880419124874
1726406925503655700,30.71465576171875,3.113104178423232,-0.8026401794801679,0.04231461473831423,3.0151657171282507,0.594385536032361,-0.02615135868483283,-1.2743087842213978
1726406925513653500,30.724653564453124,3.1127820027661617,-0.8024277264948323,0.04174028867271096,3.016308943888304,0.5947325264905572,-0.025706213822349066,-1.2751214394097454
1726406925523650600,30.734650634765625,3.1119240457668043,-0.8021658997464061,0.041137963445290436,3.017114788152447,0.5951512286755766,-0.02515100333912608,-1.276096473341133
1726406925533648400,30.7446484375,3.1111343488404226,-0.801901508085858,0.04054556035906016,3.017945967947551,0.5955704660392968,-0.02461569598249145,-1.277077427727271
1726406925543645700,30.754645751953124,3.1107502933451334,-0.8016729779176717,0.039975596891182144,3.0190299491372565,0.595935089508088,-0.02416395194623971,-1.2779360436801026
1726406925553643800,30.764643798828125,3.1108027210158706,-0.8014824042939555,0.03944916603982987,3.020338311768729,0.5962404157334757,-0.023816096847487426,-1.278662264878933
1726406925563640600,30.774640625,3.1114580559855773,-0.8013003652673252,0.038955614342578014,3.0220158947230464,0.5965260176608524,-0.023598397444968874,-1.2793580700193734
1726406925573638700,30.784638671875,3.1134459971869455,-0.8011109433481061,0.03856605962303987,3.024426876206396,0.5968018815812578,-0.023695557561411628,-1.2800727813169874
1726406925583635500,30.794635498046876,3.1162121082899805,-0.8009886915157096,0.03837831074042967,3.026930605277276,0.5969630252461816,-0.024068777984658087,-1.2805335577269152
1726406925593633500,30.804633544921874,3.118886213069257,-0.8009432295118525,0.03848586934600149,3.028646726779159,0.5969941536325314,-0.024631532602442833,-1.2806876123452804
1726406925603630600,30.814630615234375,3.121156431395212,-0.8010110021174649,0.03898686412764193,3.0291031392965375,0.5968387642847893,-0.025396969833454176,-1.2803953203643528
1726406925613628700,30.824628662109376,3.1228974910631733,-0.8011392770415562,0.03961897334553348,3.028848942624691,0.5965921261962485,-0.026156856003429513,-1.2798728088423506
1726406925623625500,30.83462548828125,3.1246299388553633,-0.801278874130957,0.039990496813823204,3.029237689218482,0.5963547644557623,-0.026721839215535288,-1.2793531138009755
1726406925633623600,30.84462353515625,3.126431979077791,-0.8013749310367446,0.039868516438980296,3.0308975758985053,0.596223962000206,-0.026941727505325794,-1.2790607005612982
1726406925643620600,30.85462060546875,3.128094064205696,-0.8013960585314002,0.03919593639335367,3.033810447491489,0.5962492119346292,-0.02674047291229335,-1.2791081502861346
1726406925653618700,30.86461865234375,3.1296610619151397,-0.8013310768478983,0.03800445634306195,3.0379311757798066,0.596439857252412,-0.026149245430304793,-1.2795236049884555
1726406925663615700,30.87461572265625,3.1315929117302788,-0.8012205681425137,0.03638738956386074,3.043378656060703,0.5967250309639303,-0.02531196999865281,-1.28014983564549
1726406925673613600,30.884613525390623,3.1339684243009933,-0.8011290560114982,0.034456879657568586,3.049943801451195,0.5970038493920424,-0.02431648377135,-1.280747810027667
1726406925683610600,30.894610595703124,3.1353909691066915,-0.8010263012440292,0.03244689741347715,3.0559995706675727,0.5973031273271469,-0.02308996190018517,-1.2813758300878488
1726406925693608400,30.9046083984375,3.1358684766590326,-0.8009540472362943,0.030353706684946795,3.0615646818127016,0.5975645848617609,-0.02162781939245255,-1.2818916629619177
1726406925703605800,30.914605712890626,3.135754488131571,-0.8009559954847064,0.028089348065825012,3.0671252370417212,0.5977319245019668,-0.019924946978566668,-1.282161282247148
1726406925713603600,30.924603515625,3.135231382855561,-0.8010613376648339,0.025754730128903267,3.0725667717056204,0.5977543147979703,-0.01808773098390554,-1.282070433479845
1726406925723600600,30.9346005859375,3.1334264040282958,-0.8012598822253003,0.023679772590420808,3.076413108559515,0.5976280113540241,-0.01620864991772809,-1.2816173792448393
1726406925733598700,30.9445986328125,3.1307179173581825,-0.8015704704190539,0.022031528143221957,3.0785326800579487,0.5973188471099392,-0.014477444253576378,-1.2807275940824534
1726406925743595500,30.954595458984375,3.1274596971507393,-0.8019831704209294,0.02079514936027063,3.0792283843055435,0.5968442345875732,-0.012945039531792378,-1.2794445309105866
1726406925753593600,30.964593505859376,3.1244637496046206,-0.8024635579776643,0.019967924795844975,3.079111087394612,0.596251210136782,-0.011755250935393015,-1.2778914959987004
1726406925763590700,30.974590576171874,3.1218033126166698,-0.8029830471979253,0.01952910187811136,3.0782854377045825,0.5955819074950671,-0.010906981727351736,-1.2761687594901443
1726406925773588700,30.984588623046875,3.1190946189548905,-0.8035159008424136,0.019518373150175874,3.076367060510651,0.5948729882354177,-0.010361043546721163,-1.2743624422640005
1726406925783585500,30.99458544921875,3.1163086785396255,-0.8040331944446504,0.019840154535842494,3.0735710925827204,0.5941684353238108,-0.010042273736860273,-1.2725755417445455
1726406925793583600,31.00458349609375,3.113886442278961,-0.8045155235486795,0.020337893186748106,3.0706104879158524,0.5935004604698351,-0.00991706697166796,-1.270889609387577
1726406925803580400,31.014580322265626,3.1121803851896526,-0.8049446929214206,0.02106833454666743,3.0676000380192856,0.5928897368791631,-0.010094796596254212,-1.2693640932528656
1726406925813578500,31.02457861328125,3.111533234416243,-0.8053154882959203,0.02198466752612105,3.0649045358290743,0.5923437913297179,-0.010606757910365526,-1.2680243047630917
1726406925823575600,31.034575439453125,3.111976289883854,-0.8056664749277552,0.023009693794529794,3.062740702034262,0.5918126648937188,-0.011400123551340735,-1.2667465711993469
1726406925833573600,31.04457373046875,3.11352498122344,-0.806019009194256,0.024144306702198363,3.061117873176537,0.5912654352127663,-0.012477906654186242,-1.2654566713351434
1726406925843570200,31.054570068359375,3.116022482447743,-0.8063831142333856,0.025376829967927766,3.0599487316837357,0.5906875738931088,-0.013802938696590756,-1.2641176723120078
1726406925853568000,31.064568115234376,3.1193701483575977,-0.8067659857285524,0.026675607908661293,3.059237889425717,0.5900695005633015,-0.015334502786900366,-1.262705088450226
1726406925863565300,31.0745654296875,3.123397905167308,-0.8071508961207235,0.02783767372955421,3.059358111119086,0.5894463725938548,-0.016896519791267543,-1.2612932903991916
1726406925873563100,31.084563232421875,3.127882378186842,-0.8075034814407634,0.02862370349641871,3.0607313078397276,0.5888843762138427,-0.01827840693103245,-1.260027526563188
1726406925883560200,31.094560302734376,3.1325969674234075,-0.807790034130961,0.02891365896696651,3.063483835247491,0.588442471395359,-0.019354537673378212,-1.2590361869987607
1726406925893558000,31.10455810546875,3.1373405536889427,-0.8079715409787721,0.02865851034378602,3.067587713827726,0.5881823876282909,-0.020054094158248128,-1.258461452729339
1726406925903555000,31.11455517578125,-3.1414023863463534,-0.8080289702117001,0.02798014775547008,3.0725035111594208,0.5881242677207273,-0.02040155414612452,-1.258350396622529
1726406925913553200,31.12455322265625,-3.1374063404813026,-0.8079766430383428,0.026954788583618685,3.0779436482277327,0.5882433409558988,-0.020419895743741114,-1.2586433784178566
1726406925923550200,31.13455029296875,-3.1339140502641123,-0.8078476994817159,0.02573461911388429,3.083496579058891,0.5884824887642116,-0.02020352786426081,-1.2592095449553091
1726406925933548300,31.14454833984375,-3.1309383281049303,-0.8076712208255304,0.02446404644334366,3.0887996630045214,0.588790785954424,-0.019851699703053338,-1.2599336600344577
1726406925943545000,31.154545166015627,-3.128595920408433,-0.807483029702186,0.023281758945642432,3.0934265654797097,0.5891104336421579,-0.019441352018401224,-1.2606817576079066
1726406925953543200,31.164543212890624,-3.126456051628185,-0.8073265822432663,0.022217163372586345,3.097619235889222,0.5893779217440172,-0.01907447308570526,-1.2613045599304673
1726406925963540000,31.1745400390625,-3.1241369280716262,-0.807200895065221,0.02139769877744646,3.10133940305629,0.5895854437845575,-0.01891704451845388,-1.2617937159304045
1726406925973538000,31.1845380859375,-3.121792075162674,-0.8070967735666829,0.02095299664079838,3.10415250571765,0.5897401507473371,-0.01903590805031623,-1.262172443939079
1726406925983535000,31.19453515625,-3.119655659168625,-0.8069828558556571,0.020866304653511036,3.105927594018172,0.58988796849192,-0.01937613495851192,-1.2625516256033018
1726406925993533200,31.204533203125,-3.1179313788498377,-0.8067488682127287,0.02103523194140577,3.1067686381243975,0.5901869524655665,-0.01982650734503743,-1.263316753826171
1726406926003530000,31.214530029296874,-3.1165155988680278,-0.8064674792695024,0.021406531483232957,3.1068837335997106,0.590539720386504,-0.020366629917930933,-1.2642256651390162
1726406926013528000,31.224528076171875,-3.115502718956939,-0.8061558931953827,0.021886258868738934,3.1064358927123887,0.5909285265023728,-0.02091053727085865,-1.2652286687483068
1726406926023525000,31.234525146484376,-3.1147649408252307,-0.8058583634540287,0.0224186002862965,3.1056561909534435,0.5912951581699546,-0.0214413922683613,-1.2661785735357893
1726406926033523200,31.244523193359374,-3.1137811774138044,-0.805631315336469,0.023101042818756603,3.1046845345675567,0.591552929263076,-0.022127338919353114,-1.26687213433445
1726406926043520300,31.254520263671875,-3.1126917658954434,-0.8055264932857352,0.024071427415534884,3.103075510203122,0.5916221394971009,-0.02304293967317383,-1.2671212065670552
1726406926053518000,31.26451806640625,-3.1116194462223588,-0.8055376616289789,0.025314755995849827,3.1007759555571517,0.591510539163172,-0.024154344416469364,-1.2669439766764758
1726406926063515100,31.27451513671875,-3.1104937459446718,-0.8056025607131251,0.026696153728597,3.0981728858912416,0.59131036026067,-0.0253760046833502,-1.2665638856348318
1726406926073513000,31.284512939453126,-3.108635098785712,-0.8056383171395259,0.027861775745795705,3.096643257672698,0.5911551682849465,-0.026575736073005823,-1.266291071519717
1726406926083510300,31.29451025390625,-3.106261423718213,-0.8055806461653098,0.028578617394142514,3.0966054591644556,0.5911551821279623,-0.02754336700596689,-1.2663752850184464
1726406926093508400,31.30450830078125,-3.104062347962072,-0.8053954017730194,0.028812002994783925,3.0976412843508014,0.5913688967794053,-0.028124861584033812,-1.2669482944605006
1726406926103505200,31.314505126953126,-3.1028109381120683,-0.8051501453825801,0.028804487302801905,3.0985817227452914,0.5916922243248384,-0.028353106806448362,-1.2677625583396563
1726406926113503200,31.324503173828123,-3.102436831254794,-0.8049419297118715,0.028738269768430306,3.09902391828428,0.5919776610699672,-0.02837485505836674,-1.2684691336337774
1726406926123500000,31.3345,-3.1027479965876927,-0.8048367462218396,0.02868263550573543,3.0989346649734077,0.5921280094649299,-0.028277070465500494,-1.2688344703225094
1726406926133498000,31.344498046875,-3.1029345593276925,-0.8048387669605748,0.028562886651896567,3.099094958925073,0.5921367152455802,-0.028154540918421813,-1.2688433296857573
1726406926143495200,31.3544951171875,-3.102375326057678,-0.8049342250065569,0.02833168655433016,3.100079654304868,0.5920213688617648,-0.028087297441589835,-1.2685426094375747
1726406926153493200,31.3644931640625,-3.10094835475353,-0.8051280312000509,0.028060376792306455,3.101799641213655,0.5917676363514449,-0.028151192192165417,-1.2679024469066789
1726406926163490000,31.374489990234373,-3.099012855948673,-0.8053598398663137,0.027904845948317426,3.103602772102989,0.5914477471086874,-0.028395765946283538,-1.2671122346344417
1726406926173488000,31.384488037109374,-3.0968908430548496,-0.8055798260147715,0.02791291203415633,3.105134205513826,0.591128367730196,-0.028796817561987126,-1.2663390272187853
1726406926183485000,31.39448486328125,-3.09470272335788,-0.8058087575622207,0.02807877639210749,3.1063193819451347,0.5907823511656528,-0.02932773491951706,-1.2655140826530396
1726406926193483000,31.40448291015625,-3.092443449664293,-0.8059580262373955,0.028340995940998,3.1073180453443516,0.5905351638315733,-0.029943189080003995,-1.264942975506837
1726406926203480300,31.414480224609374,-3.090595651906787,-0.8059555020148378,0.028740710403097343,3.107679150726257,0.5904866415121206,-0.03058123608909252,-1.264874629651054
1726406926213478100,31.42447802734375,-3.089209270503033,-0.8057770166346183,0.029243774243958114,3.1074536618614492,0.5906729337179453,-0.03120605106487383,-1.265395512320374
1726406926223475200,31.43447509765625,-3.0883625637245538,-0.8054037050425097,0.029784308599541637,3.1067489804318686,0.5911255566769286,-0.031754267697481485,-1.2665766397398457
1726406926233473000,31.44447314453125,-3.0880029767202646,-0.8048514330194868,0.03038832652231354,3.105537134998484,0.5918194348828424,-0.03225604260728365,-1.2683606179928935
1726406926243470000,31.454469970703126,-3.0880776990964,-0.8041126486023376,0.031030989471593363,3.10391626565784,0.5927649453728896,-0.03270474653887592,-1.27077200660612
1726406926253468200,31.46446826171875,-3.0886577294109956,-0.8031972856274718,0.031606371196964,3.1020934787881225,0.5939574707743975,-0.033012039746848486,-1.2737897961511127
1726406926263465200,31.47446533203125,-3.0895527993737897,-0.8021027125305039,0.03197621074676696,3.1005500236445482,0.5954093886026561,-0.033112748752535226,-1.277432671667922
1726406926273463300,31.48446337890625,-3.090836548413838,-0.8008275026356512,0.03211610842286295,3.0992894492256005,0.5971234548614532,-0.03297705872572632,-1.2817072549213193
1726406926283460000,31.494460205078123,-3.0921730977341215,-0.7993889952638272,0.031997735436615486,3.0986303227406573,0.599072341708253,-0.03264448242934797,-1.2865481912447398
1726406926293457200,31.50445703125,-3.093137499305678,-0.797834659763923,0.031661961210341066,3.0987902093594997,0.6011815445070969,-0.032217773925974476,-1.291781034474669
1726406926303455200,31.514455322265626,-3.0936692814091797,-0.7962286882668624,0.031305115973791015,3.0993270723445963,0.6033452152173011,-0.031850764721461415,-1.2971641386833166
1726406926313452300,31.524452392578127,-3.0938933487564433,-0.7946695339501135,0.031101087860897825,3.0997109129247504,0.6054183343978071,-0.031651580177546546,-1.302348725547942
1726406926323450000,31.5344501953125,-3.094116417709553,-0.7931281297062397,0.031085561491982553,3.0996191407114186,0.607439793282821,-0.03159645848373929,-1.3074318231933948
1726406926333447200,31.544447265625,-3.0944814608700555,-0.7915809719427261,0.03121680762715475,3.09904514575771,0.6094459777729576,-0.031632411600602456,-1.3125001878509688
1726406926343445000,31.554445068359374,-3.0952269516482622,-0.790018266695324,0.031432552641120784,3.0979583817403826,0.6114570426771282,-0.03167641652112178,-1.3175964773862756
1726406926353442300,31.5644423828125,-3.096265190739921,-0.7884688398967934,0.03163753125156453,3.096662247500816,0.6134434652048909,-0.031672278765115754,-1.322637041551893
1726406926363440000,31.574440185546877,-3.097290694098408,-0.7870062631525788,0.0318141185203627,3.095436094280575,0.6153104430827356,-0.031654904975715055,-1.3273810479399855
1726406926373437200,31.584437255859374,-3.098581652839025,-0.7856982556023598,0.032064418996304835,3.0938024473797077,0.6169665712049853,-0.03166121643589073,-1.331603453343028
1726406926383435300,31.594435302734375,-3.1002622145406895,-0.784592787730028,0.032419101871753966,3.0915834131810804,0.6183513506551735,-0.03169770920548192,-1.3351482738326723
1726406926393432000,31.60443212890625,-3.1017365495577676,-0.7836814436145945,0.032781377286847393,3.089496128120995,0.6194828599252606,-0.03177643489762369,-1.3380550785482102
1726406926403430100,31.61443017578125,-3.102345606575172,-0.7829273776312528,0.03297008624269705,3.088529801087302,0.6204220567871842,-0.03184749695886908,-1.3404652226516875
1726406926413427200,31.62442724609375,-3.1023972399049478,-0.7822765862710221,0.032984738679028944,3.088448353992277,0.6212409524531438,-0.03186158597091491,-1.3425575113564485
1726406926423425300,31.63442529296875,-3.102205989348633,-0.7816861936954871,0.03294417697895114,3.088701313838912,0.6219854330006229,-0.031865807436668774,-1.3444570729625702
1726406926433422000,31.644422119140625,-3.1011623280398957,-0.7811594032371618,0.03305933574706054,3.089236067864396,0.6226281032946749,-0.03211398179510811,-1.3461229600701283
1726406926443420200,31.654420166015626,-3.0994799732152543,-0.7807357063465635,0.033180800035531706,3.0902668591933455,0.6231353446093869,-0.032454799258398476,-1.3474502717638672
1726406926453417000,31.6644169921875,-3.097124522259005,-0.7804652779148753,0.03341795044427849,3.0915410750701575,0.6234336927280814,-0.03297956046426448,-1.3482604975618053
1726406926463415000,31.6744150390625,-3.0940686206604076,-0.7803684868276581,0.033894620869573684,3.092761526027635,0.6234856826352039,-0.03379209046246542,-1.348473455510426
1726406926473412000,31.684412109375,-3.0908960508392913,-0.7804267848547946,0.03463921218712587,3.093385873212331,0.6233142913301257,-0.0348348033984929,-1.348145973911846
1726406926483410200,31.69441015625,-3.087288364107703,-0.7805897256337906,0.035614764466198205,3.0937613921783425,0.6229817155032246,-0.036124866680812176,-1.3474395752851247
1726406926493407200,31.7044072265625,-3.0829039514711085,-0.78079461619701,0.03673569157590984,3.094379119012164,0.6225697981896697,-0.03764352941117511,-1.346559155812782
1726406926503405000,31.714405029296874,-3.078072976293619,-0.7809932548917875,0.03798659147234448,3.0950148736552303,0.6221410125690978,-0.039332252315676636,-1.345661713779119
1726406926513402000,31.724402099609375,-3.073701815292076,-0.7811416960669826,0.039402293841665985,3.0948595402694745,0.6217530103531536,-0.04108850744329918,-1.3448938640967267
1726406926523400200,31.734400146484376,-3.0695944890910676,-0.781204830497973,0.04091313328979157,3.094251330602224,0.6214549246564576,-0.04288269731230268,-1.344375417290995
1726406926533397200,31.744397216796877,-3.0652139916488808,-0.7811711899128249,0.04239168393540168,3.093946220793335,0.6212708393052384,-0.044688989190334046,-1.3441551817861153
1726406926543395000,31.75439501953125,-3.060146491950487,-0.7810233947520954,0.04375439821300743,3.0944903974352407,0.6212294039263354,-0.04649864387196202,-1.3442967066410416
1726406926553392000,31.76439208984375,-3.0544875277336168,-0.7807491568329877,0.0450433113314456,3.0957043002155413,0.6213422948517757,-0.048328895763449245,-1.3448330096187064
1726406926563390200,31.77439013671875,-3.048385932549609,-0.7803400853746296,0.04629350292647607,3.0973849363274453,0.6216171470482833,-0.05018291300749465,-1.3457861694766065
1726406926573387300,31.78438720703125,-3.0419639356687025,-0.7798093721854081,0.04755624200970926,3.0993076013893375,0.6220315156887557,-0.05208126069254059,-1.347106550548811
1726406926583385300,31.79438525390625,-3.0351107181094594,-0.7792284343219493,0.048816407681612745,3.1015962837876048,0.6224956068561194,-0.05402855982895263,-1.3485624406084085
1726406926593382100,31.804382080078124,-3.027951957021576,-0.7786530319395398,0.05010348099905176,3.104070543339583,0.6229361939910183,-0.056032819164502944,-1.3499718431097774
1726406926603380200,31.814380126953125,-3.0208518782478,-0.778144348931524,0.05140723095130308,3.106456151306102,0.6232817252829776,-0.05803973445481579,-1.3511456786924294
1726406926613377000,31.824376953125,-3.0142012364897997,-0.7777348642445943,0.05261796395685196,3.108715169330145,0.6235146151530769,-0.05991137574905719,-1.3520162126163384
1726406926623374300,31.834374267578124,-3.0082085045467126,-0.7773854088506481,0.05355409784233109,3.111152721507877,0.623718944610856,-0.06147063004553188,-1.3527596422653705
1726406926633372200,31.8443720703125,-3.0029598201224554,-0.777028501700355,0.054112600577391895,3.1139773236664303,0.6240014192186814,-0.06261567642523623,-1.3536227969813694
1726406926643369200,31.854369140625,-2.998340601565614,-0.776629328198532,0.0542955190682361,3.1172841182108013,0.6244072814059287,-0.06335911781275336,-1.3547202357558732
1726406926653367000,31.864366943359375,-2.9944690249558996,-0.7761849955578622,0.05414533803719484,3.1208710742761894,0.624936114967809,-0.06371716520402633,-1.356057333971352
1726406926663364000,31.874364013671876,-2.9913360050531033,-0.7756956282197492,0.05378449334504618,3.124429510440334,0.6255672346365374,-0.0637898235632424,-1.357608180989524
1726406926673362200,31.884362060546874,-2.9885551916991457,-0.7751895232780065,0.05336281501029197,3.127875040884408,0.6262337473498817,-0.0637558746672421,-1.3592341299120303
1726406926683359200,31.894359130859375,-2.9857972628427953,-0.7746952488252229,0.05301279331081956,3.131122217763026,0.6268731746450296,-0.06377285725529896,-1.3608058247749704
1726406926693357300,31.904357421875,-2.983004954902126,-0.7742642954039209,0.05287480954770632,3.133838677307443,0.6273968144294474,-0.06397214906813616,-1.362124560199927
1726406926703354000,31.91435400390625,-2.9797766694259105,-0.7739610754270645,0.05295173158021763,3.1363226658710195,0.6277183433535436,-0.0644220314006443,-1.3629695970794915
1726406926713352200,31.924352294921874,-2.976372274103479,-0.7738415146011547,0.05326274369288718,3.1382960003021667,0.6277678066602173,-0.06511505107092919,-1.3631652388279674
1726406926723349000,31.934348876953123,-2.97329556235757,-0.773931470653319,0.053782539059848755,3.1394056745184624,0.6275232552335313,-0.06597052097328779,-1.3626522507159342
1726406926733347000,31.94434716796875,-2.9707434256575342,-0.7742025172027599,0.05453513093622157,3.139434026722848,0.6270168620074538,-0.06697907009226131,-1.36151987989724
1726406926743344000,31.95434423828125,-2.9685661139620874,-0.7745861201908047,0.05547509041312978,3.1386383327410363,0.6263382860647371,-0.0681119859425306,-1.359991973819147
1726406926753342200,31.96434228515625,-2.9669413477268094,-0.775027339900182,0.056555321774584125,3.137014228504784,0.6255655799316195,-0.06929574679312951,-1.3582594982495022
1726406926763339000,31.974339111328124,-2.967170105240637,-0.7755433676770085,0.057849377839376735,3.13332490731154,0.6246824948396897,-0.07041142400795725,-1.356297735725489
1726406926773337000,31.984337158203125,-2.9675300416136685,-0.7760518273512547,0.0592250986893984,3.1293254582304613,0.6237898536204901,-0.07156968767456885,-1.3543367430063846
1726406926783334100,31.994334228515626,-2.9673235066567645,-0.7765580370994397,0.060611793341097446,3.1257563382818017,0.6228823903399606,-0.07281096015838602,-1.3523487525472673
1726406926793332200,32.004332275390624,-2.965390806172659,-0.7770940892086567,0.06192262152022793,3.123755924280138,0.6219158778447524,-0.0742357709721826,-1.3502041715069748
1726406926803329300,32.014329345703125,-2.9610419080303156,-0.7775540000199687,0.06318534892230895,3.1238196723984504,0.6210058703741942,-0.0759548366060817,-1.348209501199979
1726406926813327000,32.0243271484375,-2.9559998652773944,-0.7780270141638744,0.0645601163476309,3.1241277879589924,0.6200336116254258,-0.07787303812254676,-1.3460953787437375
1726406926823324200,32.03432421875,-2.9513127453814856,-0.7785298376668331,0.06596698028783972,3.124049321743723,0.6190112622563769,-0.07977868219595714,-1.3438720871732226
1726406926833322000,32.044322021484376,-2.9474122671561407,-0.7790730775517147,0.0672176026011485,3.123730288190053,0.6179740311820756,-0.08145685523928574,-1.3415790045160827
1726406926843319300,32.0543193359375,-2.944570797781997,-0.7796523439982083,0.06826207567068679,3.1230898600593546,0.6169461843229928,-0.08282383604401744,-1.3392579661764994
1726406926853317400,32.0643173828125,-2.9424557045764246,-0.780262289370573,0.06896993710761519,3.1227350170568866,0.6159611532777955,-0.08382023137426059,-1.3369601530156088
1726406926863314700,32.07431469726563,-2.9406532487067287,-0.7808800121486663,0.0692391491504038,3.1232626313843093,0.6150653300929398,-0.08442101398548216,-1.3347702867151408
1726406926873311500,32.0843115234375,-2.9393566248652823,-0.7814736194607836,0.06919665713137553,3.124203591078922,0.6142783825181928,-0.08469358233154578,-1.3327721098000838
1726406926883309600,32.0943095703125,-2.938287084133549,-0.7820540009047945,0.06893289891772486,3.125538822647863,0.6135605565223595,-0.08475450667167923,-1.3308878400838289
1726406926893306400,32.104306396484375,-2.937254987298622,-0.7826024788961302,0.06847093495613413,3.127362705231264,0.6129273086803222,-0.08464797008390301,-1.3291641714359133
1726406926903304700,32.1143046875,-2.9360908731639994,-0.7831006963517857,0.06781978335317104,3.129789118852328,0.6123966814409945,-0.0844042016975114,-1.327649196609424
1726406926913301500,32.124301513671874,-2.9345823178138244,-0.7835670901153478,0.06699604081988425,3.132933495372682,0.6119360405289839,-0.084073675508011,-1.3262658011084765
1726406926923299600,32.13429956054687,-2.9327972010422148,-0.7840289321327903,0.06610320223883544,3.1364657592281975,0.6114879389603008,-0.08373478077693919,-1.3248967970849306
1726406926933296400,32.14429638671875,-2.9310177674152813,-0.7844518181222959,0.06525842480174969,3.1398763177034152,0.6110779509980239,-0.08342984487312197,-1.323637468350676
1726406926943294500,32.15429443359375,-2.9292891396820657,-0.7847770168967688,0.0645847213525033,-3.1403504061047536,0.6107582033915966,-0.08323614279698208,-1.3226508350218338
1726406926953291500,32.16429150390625,-2.927187512124359,-0.7849721891256871,0.06407947884314648,-3.1374953091217828,0.6105642275161554,-0.08320994559294867,-1.3220262491245247
1726406926963289600,32.17428955078125,-2.9245503808987103,-0.7850688331052701,0.06363846872405449,-3.1343592452044162,0.6104739180650128,-0.08329966026091692,-1.3216781789022143
1726406926973286700,32.18428662109375,-2.9216227834300574,-0.7850830763951709,0.06317441198712304,-3.1309106425188715,0.6104900790004624,-0.08339925852757012,-1.3215891180502322
1726406926983284500,32.19428442382812,-2.918020953336856,-0.7850011369015152,0.0625911100375274,-3.1265976285432378,0.6106433230071331,-0.08348830227636041,-1.3218097808470448
1726406926993281500,32.20428149414062,-2.915335401954191,-0.7849053964035144,0.06198833328490368,-3.122933934413724,0.6108383736453958,-0.08341142571369375,-1.322130918989168
1726406927003279400,32.214279296875,-2.9135569981670315,-0.7848438396585471,0.06130163603682545,-3.1197656659310002,0.6110250996332803,-0.08313073963032114,-1.3224111477175415
1726406927013276700,32.22427661132812,-2.9122394220056673,-0.7848453521075677,0.06048044651314045,-3.1166311985658086,0.6111654462919245,-0.08268493598660126,-1.3225400947057167
1726406927023274500,32.2342744140625,-2.9111282438146064,-0.7849375297557998,0.05961026763778274,-3.1135676507440113,0.611199152125888,-0.08219090932583525,-1.3223886876120043
1726406927033271600,32.244271484375,-2.9101443976887573,-0.7851039708267886,0.0587853536999626,-3.110751707558705,0.6111266202747296,-0.08173325781176176,-1.321982928395911
1726406927043269600,32.25426953125,-2.9092798874867647,-0.7853286380912651,0.058174437661853984,-3.1086064575721113,0.6109348896366859,-0.08144431840843047,-1.321333920604649
1726406927053266400,32.264266357421874,-2.9083874001723937,-0.7855941279369618,0.057938567877720525,-3.1074260868096855,0.6106123059664275,-0.08147153342163513,-1.3204535964630577
1726406927063264500,32.27426440429687,-2.9079543364733307,-0.785920509521306,0.05825333876840083,-3.108046197400288,0.6101072586288654,-0.08188137358770245,-1.3192606301960985
1726406927073261600,32.28426147460937,-2.9084089905937653,-0.7863288187675648,0.05923575752011071,-3.1111027592487708,0.6093756201148882,-0.08270079888965295,-1.3176807405857727
1726406927083259600,32.294259765625,-2.9094279389877986,-0.786831093281662,0.06082864227106042,-3.1161993767956977,0.6084009404724863,-0.08393457026284579,-1.315659632692761
1726406927093256400,32.30425634765625,-2.9099117661175744,-0.787419444435177,0.06274766408076857,-3.121754375215436,0.6072216203548501,-0.08552949971406787,-1.3132182575882885
1726406927103253500,32.31425341796875,-2.909718240028528,-0.7880565722498953,0.06475997420159661,-3.1270453713265858,0.6059283262528417,-0.08731439381427429,-1.310526421035889
1726406927113251300,32.324251220703125,-2.9094789857652055,-0.7886925335721462,0.06676093302522661,-3.132265586463306,0.6046238501531151,-0.08909035175933966,-1.3078184587631219
1726406927123248600,32.33424853515625,-2.909069499950168,-0.7892715329200618,0.06858887643504483,-3.136883986479624,0.6034173725998839,-0.09073810527981457,-1.305319701591227
1726406927133246500,32.34424658203125,-2.9092156712575945,-0.7897747142057174,0.07023712076995688,-3.1414262271918276,0.6023581007446518,-0.09212710632936484,-1.3031494488154294
1726406927143243500,32.354243408203125,-2.9093532204049226,-0.7902173401881751,0.07159390013051427,3.1379998260644344,0.6014412776758361,-0.093269920970017,-1.301257368553952
1726406927153241600,32.36424169921875,-2.909232905393304,-0.7906207874031633,0.07264180276767263,3.1352457781141774,0.6006395384688208,-0.09420277233083892,-1.2995672240079454
1726406927163238400,32.37423828125,-2.9088017088534315,-0.7910348299722959,0.07348237326882456,3.133254717393923,0.5998617031136532,-0.0950275990404476,-1.297879201041716
1726406927173236700,32.38423681640625,-2.908351176578905,-0.7915125362122354,0.0742627396001399,3.131408903512709,0.5990084983436245,-0.09582196616650805,-1.2959889091010752
1726406927183233500,32.39423364257812,-2.908543116269192,-0.7921104756861281,0.07510200075372307,3.1288869542424305,0.597991608491647,-0.09657540654887192,-1.2937110222540553
1726406927193231600,32.40423168945313,-2.909889621625922,-0.792857855732824,0.07608391207117192,3.1250869460946467,0.5967639653733132,-0.0972651636564484,-1.2909526386995611
1726406927203228400,32.414228515625,-2.912288978901955,-0.7937171967577367,0.07719445786765484,3.120145369236149,0.5953765091933273,-0.09788219062158503,-1.2878358127092207
1726406927213226500,32.4242265625,-2.915548800082333,-0.7946119599931266,0.07832980090292231,3.114508446738974,0.5939547068897311,-0.09835726302504434,-1.2846390646464465
1726406927223223600,32.4342236328125,-2.919559572272609,-0.7954753615361443,0.07941196079069913,3.1084858779018334,0.5926080691933243,-0.09863265172479001,-1.2816073026385117
1726406927233221600,32.4442216796875,-2.9241187959668915,-0.7962255738234284,0.08041908577590441,3.1023116582217933,0.5914502491898558,-0.09871226059605968,-1.2790127281999655
1726406927243218400,32.45421850585937,-2.92923328171602,-0.7967924855021035,0.08142739025982387,3.0958057790644586,0.5905596816808576,-0.09864357113111849,-1.2770697811527687
1726406927253216500,32.46421655273438,-2.9350573189366522,-0.7971423420109525,0.08246040926591,3.0887975002786168,0.5899819432199663,-0.09841629316851942,-1.2758924045991749
1726406927263213600,32.47421362304687,-2.941496849423309,-0.7972853282622004,0.08342640850549321,3.0815749386043936,0.5897242027665105,-0.09798761242522745,-1.27546726223525
1726406927273210600,32.48421069335937,-2.9489945365744994,-0.7972356447424258,0.08431262609961872,3.073828483383026,0.5897828166408674,-0.09727804898472128,-1.2757728062920022
1726406927283208700,32.49420874023438,-2.9577722365483536,-0.7970607713633394,0.08509189498575151,3.065433023036565,0.5900767065118161,-0.09624470576380818,-1.276592362689174
1726406927293205500,32.50420556640625,-2.9674405972381037,-0.7968363775338593,0.08570923396455174,3.056786442223941,0.5905027844153383,-0.09493289768596624,-1.2776569778801223
1726406927303203600,32.51420361328125,-2.9775937822289515,-0.796647304350854,0.08632892761910159,3.0477518176217626,0.590888316218107,-0.09354971691937661,-1.2785921606066541
1726406927313200400,32.524200439453125,-2.987753566027277,-0.7965759863119567,0.0871257976038956,3.03823262775168,0.5910615945150266,-0.09231398414276831,-1.2790282908099693
1726406927323198500,32.53419848632812,-2.9973844247627985,-0.796636572598305,0.0881333784331289,3.028552764042592,0.5909821622837899,-0.0913385908637956,-1.2788863491544156
1726406927333195500,32.544195556640624,-3.0060052343551584,-0.7967348601699712,0.08931039419693484,3.0191935502093177,0.5907761468131073,-0.09066853827403945,-1.2784808349084782
1726406927343193600,32.55419360351563,-3.0135354956838496,-0.7967898444665489,0.09060206258684449,3.0103616407763494,0.5905654772345024,-0.09027479930079325,-1.2781067342269636
1726406927353190400,32.5641904296875,-3.019820801941665,-0.7967649673712333,0.0920078714744312,3.002172453032372,0.5903952749022524,-0.09018678142697842,-1.277888519136305
1726406927363188500,32.5741884765625,-3.0247554202625264,-0.7966772256656918,0.09344923032130821,2.9948972966716343,0.5902596083448722,-0.09036737968770131,-1.2777983713687326
1726406927373185500,32.584185546875,-3.028568260740671,-0.796545786311172,0.09494155597685512,2.9883257909197725,0.5901344004711224,-0.09078774178555273,-1.2777807157489836
1726406927383183400,32.594183349609374,-3.0314843988003233,-0.7963916720993124,0.09644398507726841,2.982392490330444,0.59000770505825,-0.0913770760210741,-1.2777903587140804
1726406927393180700,32.6041806640625,-3.033756714016901,-0.7962509160390683,0.09787231967762638,2.9771221108630233,0.5898616511395645,-0.09202636732652633,-1.2777538133677735
1726406927403178500,32.61417846679687,-3.0357010473607824,-0.7961397111653482,0.0991272606730461,2.972530094582614,0.5897115144588028,-0.09260495857292524,-1.277668779535135
1726406927413175600,32.62417553710937,-3.037792591130094,-0.7960363823895875,0.10013668609574854,2.9684449865789295,0.5896219310012855,-0.09297664363630478,-1.2776580597930367
1726406927423173400,32.63417333984375,-3.0404340971468953,-0.7959244356965193,0.10080304956575989,2.9648115242442232,0.5896558560394121,-0.09300005022659268,-1.2778333003660034
1726406927433170400,32.64417041015625,-3.043954634609993,-0.7957874289847773,0.10107417085419239,2.96151374704095,0.5898602173461488,-0.09258095099300272,-1.2782816787471802
1726406927443167500,32.65416748046875,-3.048436918388256,-0.7956276515901126,0.10094179880972391,2.9585084552844507,0.5902360101879145,-0.09170028943685955,-1.2790010413026578
1726406927453165600,32.66416552734375,-3.053653515338824,-0.7954436466936828,0.10049678515278794,2.955732880791174,0.5907500493366374,-0.0904669033660787,-1.279944733080249
1726406927463162400,32.67416235351563,-3.0594866622232835,-0.7952497911602435,0.09986464957092014,2.9529584948752214,0.5913417172342336,-0.08899338902757589,-1.2810043570381755
1726406927473160400,32.684160400390624,-3.0661108781218154,-0.7950536591717543,0.09922067379757078,2.9496150256406892,0.5919545065128183,-0.08737717319718279,-1.282080989790847
1726406927483157800,32.69415771484375,-3.0737604252959194,-0.7948933061197268,0.09869249845698086,2.945211378281417,0.5925079961317634,-0.08566633510836211,-1.2829958978082465
1726406927493155600,32.70415551757812,-3.0819546963584292,-0.7947915402664181,0.09823955070412788,2.9402114609207928,0.5929707499490726,-0.08391218065480056,-1.283675685765642
1726406927503152600,32.714152587890624,-3.090042909494452,-0.7947491539914039,0.0977916270974976,2.9352796825627756,0.5933444895903197,-0.08217543248069699,-1.2841313453113237
1726406927513150500,32.724150390625,-3.0973946557645977,-0.7947572209616597,0.09724354162184795,2.93115255777069,0.5936548433600743,-0.08048910216427857,-1.2844315354156717
1726406927523147500,32.7341474609375,-3.1045595006125613,-0.7948189973792166,0.09669228138979372,2.9271810539604233,0.59388564559688,-0.07882477772600253,-1.2845365016599322
1726406927533145300,32.744145263671875,-3.111711249153557,-0.7949479383878917,0.09624748219244271,2.922967736096615,0.5939950974535476,-0.07722671332822016,-1.2843574544558667
1726406927543142700,32.754142578125,-3.11816650237979,-0.7951486071956739,0.09586402426772808,2.919141832086232,0.5939752047669578,-0.07577843541559671,-1.2838971871710183
1726406927553140500,32.764140380859374,-3.1237932958769097,-0.7953858399089846,0.09545807362018349,2.916003942416699,0.5938910392434075,-0.07444818935216682,-1.2833056612132192
1726406927563137500,32.774137451171875,-3.129070730943571,-0.79561112673885,0.09501847255999472,2.913212219236431,0.5938206771477307,-0.0731544066997285,-1.2827570840052664
1726406927573135600,32.78413549804687,-3.13401617086132,-0.7957859226033465,0.09457642508614487,2.9106640739410516,0.5938068375287004,-0.07192597124087644,-1.2823649459780095
1726406927583132400,32.79413232421875,-3.1381358696662165,-0.7959406747817034,0.09410761762259473,2.9087958278378867,0.5938063100537575,-0.07082672140036804,-1.2820438375868577
1726406927593129700,32.804129638671874,-3.140586861996967,-0.7961526642146862,0.09367391233476194,2.908103124217288,0.5936847545749419,-0.07003208825756704,-1.2815101738841321
1726406927603127600,32.81412744140625,-3.1414442806807714,-0.796469968326696,0.09336888758083303,2.908311643687485,0.5933596841633211,-0.06958525163037584,-1.2805748938499246
1726406927613124600,32.82412451171875,-3.141193976561756,-0.7968814907182767,0.09322641537234362,2.90896990916077,0.5928477078765212,-0.06942859345889285,-1.2792615986157618
1726406927623122400,32.834122314453126,-3.139990872227771,-0.7973379554690524,0.09305474370285045,2.9104201512288657,0.5922627128722898,-0.06941117403396352,-1.2778082759489322
1726406927633119500,32.84411938476563,-3.137836751394251,-0.7977895677027103,0.09250555446524729,2.9135052924970966,0.5917536002948162,-0.06929797178358627,-1.2765141394136155
1726406927643117300,32.854117431640624,-3.1353265079985517,-0.7981954295242412,0.09139852872674266,2.9182168463303175,0.5914288665229177,-0.068864431008526,-1.2755821534335938
1726406927653114600,32.864114501953125,-3.132966016717107,-0.7985388803289756,0.08973393453148187,2.9241761513562903,0.5913176132396698,-0.06802214900296527,-1.2750606735456278
1726406927663112400,32.87411254882812,-3.131156495559031,-0.7988080486983848,0.0876340518114439,2.930783820493798,0.5914099432478835,-0.06678578877299596,-1.2749353382787838
1726406927673109500,32.884109619140624,-3.1299531003952237,-0.7990418127863137,0.08525397040866453,2.93762764006689,0.5916139877394601,-0.0652454224279907,-1.2750108888146972
1726406927683107600,32.89410766601563,-3.129361097225078,-0.7992795938930229,0.08262641495801469,2.944632984026382,0.5918644680135194,-0.06341405470879416,-1.2751352615641856
1726406927693104400,32.9041044921875,-3.1290377796659876,-0.7995511875245294,0.07975302220327583,2.952056752840257,0.5921094330360344,-0.06134833974798449,-1.275201494680264
1726406927703102500,32.9141025390625,-3.1289027584091613,-0.7999094620439194,0.07671549156528518,2.9597661618818956,0.5922545455570942,-0.05911247546920153,-1.2749979418535569
1726406927713099500,32.924099609375,-3.128882979564042,-0.8003694452786274,0.07367992862676301,2.967403158711765,0.5922408729506488,-0.05683904078390637,-1.2744121511661217
1726406927723097600,32.93409765625,-3.128892182862,-0.8009302708449769,0.07073590605518117,2.9748067585331164,0.5920512974449952,-0.054611387484532176,-1.2734235336670114
1726406927733094400,32.944094482421875,-3.1289407375541844,-0.8015633134370116,0.06790356828715424,2.981911201891917,0.5917217154528777,-0.05244925335226984,-1.272123386166767
1726406927743091500,32.954091552734376,-3.1292445925123573,-0.8021813262289665,0.06526094975875123,2.9883470848615135,0.591360773652749,-0.050384284679503046,-1.2707858464494877
1726406927753089500,32.96408959960937,-3.1299835900345374,-0.8027310122950821,0.0628063816161748,2.9939790270345212,0.5910471325372977,-0.04838916746883849,-1.2695991783182647
1726406927763086600,32.974086669921874,-3.1314103980318446,-0.8031808523927154,0.06053287600728272,2.9986361037272133,0.5908314827009218,-0.04641486564818961,-1.2686779348970532
1726406927773084400,32.98408447265625,-3.133335970198168,-0.8035454212534747,0.0585164185562153,3.0022742645939355,0.5906827280697197,-0.04454734482096484,-1.2679594957166083
1726406927783081500,32.99408154296875,-3.1354150499093167,-0.8038374844674703,0.05678004076572334,3.0050936981748295,0.5905792397560806,-0.042864295287005014,-1.2673994505757264
1726406927793079600,33.00407958984375,-3.137641731354843,-0.8040719315322433,0.055327940379918325,3.007091574368945,0.5905046625094262,-0.041367492456444895,-1.266954169664298
1726406927803076600,33.01407666015625,-3.1398904849579856,-0.8042907830267432,0.05409761112672746,3.0085219897363196,0.5904129058581243,-0.04002896832841887,-1.2665007849518144
1726406927813074700,33.02407470703125,3.141184804682328,-0.8044893750783085,0.05294643943985111,3.0098555169540653,0.5903304333884197,-0.0387757943421761,-1.2660903462935515
1726406927823071500,33.034071533203125,3.139732772884868,-0.8046602532159202,0.05172235905342088,3.0118480257038955,0.590282528719919,-0.03759541642272294,-1.2657825830051084
1726406927833069600,33.04406958007812,3.1387959864414934,-0.8048177587251688,0.050431809516817236,3.0143805050993504,0.5902501475325511,-0.036464295748906715,-1.2655252748601975
1726406927843066600,33.054066650390624,3.138290573713847,-0.8049599100471397,0.04903272377759564,3.017495361344704,0.590242837827019,-0.03533678601328037,-1.2653371389045303
1726406927853063700,33.064063720703125,3.1380758171407215,-0.8051032589871177,0.04740821056510024,3.0213810965818744,0.5902529182219949,-0.03409968038847926,-1.2651820378381022
1726406927863061800,33.07406176757812,3.1374746201846513,-0.8052503860873875,0.045589265974869425,3.0254649584755113,0.5902775519006523,-0.0326488831287826,-1.2650392371370327
1726406927873058600,33.08405859375,3.136654846365262,-0.8054226347911272,0.043567607354459366,3.0298937210745436,0.590283629713925,-0.031006810542501966,-1.2648334918944797
1726406927883056600,33.094056640625,3.136317283366974,-0.8056127084808039,0.041411353193733944,3.0350110808635136,0.5902639551686653,-0.029354654120683436,-1.2645751128626141
1726406927893053400,33.10405346679688,3.136563203731139,-0.8058251613189894,0.03928128597163835,3.0404931449989743,0.5901935718091078,-0.02782815329969422,-1.2642183571663088
1726406927903051500,33.114051513671875,3.1370949493419813,-0.8060623159281636,0.037390260675297764,3.045594322891695,0.5900524643277256,-0.026527046625315565,-1.263721416063516
1726406927913048600,33.124048583984376,3.1377812247372048,-0.8063072108223057,0.03584249136536156,3.0499577019760338,0.5898588027347083,-0.025505036607466933,-1.2631308484657433
1726406927923046700,33.13404663085937,3.1386777350937316,-0.8065375512215334,0.03450026955142563,3.053962190435704,0.5896592003682702,-0.024674892172782455,-1.2625502555245733
1726406927933043700,33.144043701171874,3.139722744949171,-0.8066891293072556,0.033268968933103764,3.0577900763927364,0.5895520978140365,-0.023961940180265158,-1.262213436378819
1726406927943041500,33.15404150390625,3.1406285395691156,-0.8067299408613027,0.032056752803590334,3.061456513904448,0.5895920012218197,-0.02324695312147236,-1.262241652797916
1726406927953038600,33.16403857421875,3.1413187924922275,-0.8066936675718087,0.03083396660473684,3.064984354374724,0.5897362283869428,-0.02248977733523701,-1.2625262084640947
1726406927963036400,33.174036376953126,-3.141578185018714,-0.8065870117760159,0.02964174775860609,3.068137069780876,0.5899732417101154,-0.021683995883240603,-1.26303797652907
1726406927973033700,33.18403369140625,3.1413662918042604,-0.8064135463927068,0.028482451742717716,3.0708165135652847,0.5902991622814683,-0.02080689372092519,-1.2637674914153674
1726406927983030500,33.19403051757813,3.1407338183168374,-0.8061923074760696,0.027388615741329104,3.0730439369580917,0.5906840623799571,-0.0199066592916065,-1.264644141599195
1726406927993028600,33.204028564453125,3.1397927363947673,-0.8059709306919607,0.02645908918711549,3.0746386172146636,0.5910560149284565,-0.0190680516837175,-1.265496851624474
1726406928003025400,33.214025390625,3.138800223796928,-0.8058068253522275,0.025820291923894217,3.075479923665247,0.5913283689421375,-0.018428026795259823,-1.2661213535494287
1726406928013023500,33.2240234375,3.1379663815672894,-0.8057584860841328,0.025465374970208562,3.0757436606838953,0.591422141164548,-0.018016842024377516,-1.2663211748670646
1726406928023020500,33.2340205078125,3.13699283551557,-0.805835618834896,0.025279400815228066,3.0754971498050696,0.5913348838467946,-0.01769413911381681,-1.2660797309549026
1726406928033018600,33.2440185546875,3.1357987445275293,-0.8060033647347511,0.025134658562500665,3.0749952573798818,0.5911224520527054,-0.01735350342147232,-1.2655259300983988
1726406928043015700,33.254015625,3.134654425448872,-0.806190059308393,0.024801699565324003,3.074998909281853,0.5908955670126909,-0.016882613317678295,-1.2649275318929054
1726406928053013500,33.264013427734376,3.1335620395864052,-0.8063624677137404,0.024281577842433837,3.075503529386596,0.5906984335502434,-0.01628543910765245,-1.2643941981199438
1726406928063010800,33.2740107421875,3.1322087367177645,-0.806509382109698,0.023687076549732865,3.0759993444809846,0.590540840955475,-0.015586923229295694,-1.2639532677603051
1726406928073008600,33.284008544921875,3.1313942892436213,-0.8067055295868022,0.022982906178658658,3.077166366270889,0.5903185025574789,-0.014905250602079596,-1.2633567691864362
1726406928083005700,33.294005615234376,3.1311216269156654,-0.8069785995322514,0.022295024344554562,3.078696507517764,0.5899856570874404,-0.014331372696567583,-1.2624958061348883
1726406928093003500,33.30400341796875,3.131243670055185,-0.8073451177860383,0.02166230458018001,3.08038644100195,0.5895187882797613,-0.013865673410545731,-1.2613126638307124
1726406928103000600,33.31400048828125,3.131395334833363,-0.8078369831749518,0.020958482587984443,3.082283609398944,0.5888819089107813,-0.013346035446531889,-1.2597066681269862
1726406928112997600,33.32399755859375,3.1313379897620774,-0.8084644650049064,0.020105356618790426,3.0844073557740734,0.5880650422067104,-0.012670672898167545,-1.2576494569351653
1726406928122995700,33.33399560546875,3.1310197427082747,-0.8091686047036123,0.019065650606676122,3.086806100404489,0.587148383161504,-0.011807505942492929,-1.2553380954521791
1726406928132992500,33.34399243164062,3.1304612093566835,-0.8099059840128049,0.017900917758914264,3.08933905309314,0.5861870020254356,-0.010808320332607325,-1.2529147703233239
1726406928142990600,33.35399047851563,3.1299652430163043,-0.810611472526555,0.01662303452305403,3.092190508815639,0.5852672166979452,-0.009744570515191163,-1.2505967194042162
1726406928152987600,33.36398754882813,3.1295096283371087,-0.8111895767836326,0.015289237836794327,3.0951953668257164,0.5845192368560567,-0.008659471859353141,-1.248708591569281
1726406928162985500,33.3739853515625,3.128808696588181,-0.8115957703890359,0.014065663710066473,3.097736231951178,0.5840004524668365,-0.007618395337838073,-1.2473916148387594
1726406928172982800,33.383982666015626,3.1278882742831637,-0.8118004390781421,0.01308892129541261,3.099495129679747,0.5837494827825516,-0.006724432018944639,-1.2467418103094272
1726406928182980600,33.393980712890624,3.126794457263559,-0.8118180949721381,0.012492919605757883,3.1001776691509977,0.583745022335241,-0.006080876224441492,-1.2467081317001805
1726406928192977700,33.403977783203125,3.125565947907837,-0.8116638788275763,0.01231649845747268,3.0997166930755515,0.5839670122082657,-0.005722524749041073,-1.2472403370355256
1726406928202975500,33.4139755859375,3.124289798424888,-0.8113460453419048,0.012560627682137648,3.0981710425990734,0.5844037300900455,-0.005668033609950305,-1.2483078830540888
1726406928212972500,33.42397265625,3.1228644061709843,-0.8108981472965543,0.013182274010160708,3.095573300104141,0.5850094316770964,-0.0058668411934170925,-1.2497976841177847
1726406928222969600,33.43396948242187,3.121473886410363,-0.8103511392734604,0.014090001365526414,3.0922809212065565,0.5857413302628599,-0.0062894828747188615,-1.2516051816914544
1726406928232967700,33.4439677734375,3.1202254672457044,-0.8097427215093937,0.015112100054705119,3.0887962049959334,0.586550607433195,-0.006831936793622966,-1.2536097216039996
1726406928242964500,33.45396459960938,3.119151420328074,-0.80911505689185,0.016213102667752957,3.0852336651097274,0.5873791791702232,-0.007472156089965096,-1.255669149519892
1726406928252962600,33.463962646484376,3.1189020510679666,-0.8085531263109429,0.01734358115732444,3.0821979910521375,0.5881091850024269,-0.008290894593378735,-1.2574993610020466
1726406928262959600,33.47395971679688,3.1192963283653894,-0.8079961983951895,0.018363362155099223,3.0799011609957794,0.5888304052642525,-0.009154316290385434,-1.25931836839824
1726406928272957400,33.48395751953125,3.120351533234177,-0.8074405197117542,0.019089175659607563,3.078812012603038,0.5895564077732839,-0.009930284642617422,-1.2611538891169776
1726406928282954800,33.493954833984375,3.1220786442205446,-0.8068809652075962,0.019532163735175828,3.0789146879781195,0.5902954480664592,-0.010626352886860813,-1.2630261649237566
1726406928292952600,33.50395263671875,3.1243145903068106,-0.8063472442125282,0.01979056014948566,3.0798537811900384,0.5910036064299504,-0.011278233316529235,-1.2648244820993506
1726406928302949600,33.51394970703125,3.1267662453620892,-0.8058803960116617,0.019953724075780475,3.0811993727596834,0.591622620968367,-0.011891718118005134,-1.2664021839853548
1726406928312947500,33.52394750976563,3.1293025517368713,-0.8054685468705802,0.020002225210155766,3.08290221131821,0.5921703312963011,-0.012429037390540658,-1.267798801741678
1726406928322944800,33.53394482421875,3.131139410381559,-0.8051737797311458,0.01992895880283639,3.0844081217501436,0.5925670921204955,-0.012736096049759477,-1.2688066367659399
1726406928332941600,33.54394165039062,3.1323997106518253,-0.8049533375063991,0.019556788199175133,3.086240642120607,0.5928794424285982,-0.012710262846674545,-1.2695846592282343
1726406928342939600,33.553939697265626,3.133237480483349,-0.8047826617072964,0.018868015484151998,3.088554008932069,0.5931407054922355,-0.012369219608222978,-1.2702181844169096
1726406928352936400,33.5639365234375,3.1334339080245455,-0.8046489767267334,0.018050445554959296,3.0907187924403523,0.5933588257106154,-0.01181212926948679,-1.2707323213693724
1726406928362934500,33.5739345703125,3.1330692979316686,-0.8045375054273074,0.017153717865370458,3.0926689411595896,0.5935504908369943,-0.011091756723759179,-1.2711731908241788
1726406928372931800,33.583931884765626,3.1323828621756538,-0.8044435256775047,0.016255670559850905,3.0943866277705645,0.5937171429464432,-0.010309943484081244,-1.2715502378032295
1726406928382929700,33.5939296875,3.1316010678933854,-0.8043372445883612,0.015359338506943473,3.0960290026249053,0.5938982644682707,-0.009512342000415,-1.271964968008954
1726406928392926700,33.6039267578125,3.130771952732618,-0.8041976388113654,0.014408501197290511,3.0977696926413536,0.5941240521822841,-0.008667478338293398,-1.2724915558266945
1726406928402924500,33.61392456054688,3.129753053133749,-0.804020767315106,0.013377061011654971,3.0995680928461025,0.5944004408959441,-0.007730184509582585,-1.273143218500753
1726406928412921600,33.62392163085938,3.1280437284740836,-0.8038057408980626,0.012351406026411205,3.100838849391501,0.5947262153801314,-0.006673215633311307,-1.2739152284693191
1726406928422918700,33.63391870117187,3.1251749626733303,-0.8035611184499466,0.011471620003239931,3.100885443561753,0.5950860605278977,-0.0055154435528320285,-1.2747677325595426
1726406928432916700,33.64391674804688,3.121523785228557,-0.8033077314052819,0.010777234677069746,3.0998877724204204,0.5954508118561913,-0.004355139544656316,-1.2756320045995824
1726406928442913500,33.65391357421875,3.1182340316561485,-0.8031057581598545,0.01027366119987704,3.0986842456989963,0.5957383207880411,-0.0034003309407631232,-1.2763108885669476
1726406928452911600,33.66391162109375,3.1159847433939394,-0.8030490753624379,0.010144211599861135,3.097332849896675,0.5958194140400603,-0.00290193597239983,-1.2764891181999114
1726406928462908400,33.673908447265624,3.115038982775415,-0.8031981587939983,0.010519410016905555,3.095712596273021,0.595611593150589,-0.0029979842394417433,-1.2759656031711606
1726406928472906500,33.68390649414062,3.1154030201252265,-0.8035831044917541,0.011337699644068569,3.0939857736646768,0.5950735006295781,-0.0036405633162393657,-1.2746374673371546
1726406928482903800,33.69390380859375,3.117037966342562,-0.8041653236871953,0.012444657590928405,3.092502314536347,0.5942567166561149,-0.004711800274722078,-1.2726361037651417
1726406928492901600,33.70390161132813,3.1197297637919155,-0.8048605397376263,0.013601839613792651,3.0916835200399015,0.5932777692094885,-0.006005714767813516,-1.270250718356098
1726406928502898700,33.71389868164062,3.123191958695948,-0.8055615721822832,0.014523146165040348,3.092011991983197,0.5922893709286371,-0.0072710878058953555,-1.2678522360398967
1726406928512896500,33.723896484375,3.1271985318465183,-0.8061731643102293,0.015099477878504306,3.0935785944305567,0.5914273569969423,-0.008396354933506147,-1.2657708070465896
1726406928522893600,33.7338935546875,3.13135523142094,-0.8065495433399011,0.015349506486328105,3.0960354785376785,0.5908934560904606,-0.009331724392768744,-1.2644976650377813
1726406928532890600,33.743890625,3.1354307240215924,-0.8065982578937008,0.015366176171084841,3.0989827892317185,0.5908139017104006,-0.010103037654087722,-1.2643426571369136
1726406928542888700,33.753888671875,3.139347544840506,-0.8063046814356903,0.01534724623180465,3.101883003215202,0.5912020633969387,-0.010834294388733956,-1.2653423759457194
1726406928552885500,33.763885498046875,-3.1398785815645653,-0.8057331298542488,0.015352408473291812,3.104748662933405,0.5919661188783089,-0.011597213995150473,-1.267273570340143
1726406928562883600,33.77388354492187,-3.1356028525313224,-0.8049407475678648,0.015335001741560071,3.107908121998747,0.5930274454117724,-0.012400372380788414,-1.2699438906030467
1726406928572880400,33.78388037109375,-3.130945241339568,-0.804003906302265,0.015296479151886132,3.1114169664198577,0.5942797126011223,-0.013248637051814017,-1.2730897729723407
1726406928582878500,33.79387841796875,-3.1261359843736782,-0.8030154314584923,0.015261373065459825,3.115052074131188,0.5955956181467503,-0.014111850090032158,-1.276393786820061
1726406928592875800,33.80387573242187,-3.1213890371818116,-0.802023730213373,0.015246872969626889,3.118614134287927,0.5969099887054441,-0.014962287493390639,-1.279694442829808
1726406928602873600,33.81387353515625,-3.116926055973287,-0.8010668534387396,0.015295459709524683,3.1218302866472882,0.5981708953266873,-0.01579298481025502,-1.2828632722226216
1726406928612870700,33.82387060546875,-3.112859525603459,-0.8001801270464812,0.015407636465113774,3.124610214183178,0.5993323816335585,-0.016587700060493656,-1.285786454928595
1726406928622867700,33.83386767578125,-3.1093203211273543,-0.799383109587079,0.015588621381964388,3.1268363769884018,0.6003691735049032,-0.017331634876614897,-1.2883995158749841
1726406928632865800,33.84386572265625,-3.106424086575323,-0.7986680669410273,0.01577759575078304,3.1285684723545453,0.6012967504262214,-0.017963018865126894,-1.2907399369907628
1726406928642862600,33.853862548828126,-3.1041684993239222,-0.7980113654738265,0.015982050756702542,3.1297852682712874,0.6021467121172508,-0.018490899034169252,-1.2928861907440055
1726406928652860700,33.86386059570312,-3.102428371804342,-0.7973921573587726,0.01622785848790868,3.130513303572762,0.6029451947109131,-0.018958552122623467,-1.2949052726376697
1726406928662857500,33.873857421875,-3.101069526375741,-0.7967958421734818,0.01654224356613985,3.1307836192878797,0.6037100790912082,-0.01941113787172252,-1.296845506257334
1726406928672855600,33.88385546875,-3.099945244391378,-0.796222874857455,0.016964772286738733,3.130605816141408,0.604437958347633,-0.01990512164589895,-1.2987015129936286
1726406928682852600,33.8938525390625,-3.099045470339314,-0.7956997984955869,0.0175666894870681,3.1298050227318646,0.6050892165092407,-0.02049846769875755,-1.300376819313304
1726406928692850700,33.9038505859375,-3.0984436297185733,-0.7952606197699006,0.018339191172086447,3.1283439208541965,0.6056202387599073,-0.021174553873734632,-1.3017638016140898
1726406928702847700,33.91384765625,-3.0981996377422263,-0.794927691494911,0.01927009024589624,3.1262048217029133,0.6060020559998602,-0.021915713360356272,-1.3027881511908004
1726406928712844500,33.92384448242188,-3.0982245221615052,-0.7947347056642745,0.020351971483887423,3.123471882429454,0.6061894766372945,-0.022732231603893094,-1.3033349551108802
1726406928722842600,33.933842529296875,-3.09829272978511,-0.794671953657202,0.021501455533010957,3.1205285517355463,0.606199110745126,-0.023596966204293635,-1.3034434942868707
1726406928732839700,33.943839599609376,-3.0982226934122212,-0.7946992240371882,0.022611497075573656,3.1177857926421124,0.6060889170016744,-0.024456457203167296,-1.3032511802079576
1726406928742837800,33.953837646484374,-3.0979188607758754,-0.7947556389315492,0.023574895445400153,3.1155895371509685,0.605945945782404,-0.02524313638775337,-1.302968931176976
1726406928752834600,33.96383447265625,-3.0971859461611495,-0.7947727303304468,0.02432624727931067,3.1142558539226455,0.6058643868998367,-0.025938609979017677,-1.302828551505762
1726406928762832600,33.97383251953125,-3.096165093489732,-0.794736888166405,0.024865930412104557,3.1136765917994245,0.6058644016088399,-0.026519692807417648,-1.3028794980779437
1726406928772829400,33.98382934570313,-3.0956773286784105,-0.7947528955748403,0.02534961513900403,3.11282986451511,0.6058033972105346,-0.026970135855050262,-1.30276967416004
1726406928782827500,33.99382763671875,-3.094733241489358,-0.7947365776780808,0.025737002498702522,3.1125746928419744,0.6057883261367099,-0.027422603471709262,-1.3027714117314309
1726406928792824600,34.00382446289063,-3.0936252400631252,-0.7946897563672228,0.026172434771541714,3.112324582947601,0.6058073140995135,-0.027938474111041004,-1.3028633210293452
1726406928802821600,34.01382153320313,-3.092260027897366,-0.7946072177982008,0.026732314439524636,3.11195881876457,0.6058606956892155,-0.028591412978897484,-1.303056119695314
1726406928812819700,34.02381982421875,-3.0907095103182725,-0.7944966020555031,0.02749816958609962,3.111216916841338,0.6059312203610892,-0.029431729873376666,-1.3033134134744262
1726406928822816500,34.03381640625,-3.0890214936613436,-0.7943810717155141,0.028500941520939585,3.1099834222113483,0.6059849276080352,-0.03047558771559881,-1.3035550959585243
1726406928832814600,34.043814697265624,-3.0874262553441945,-0.79426696010654,0.029791258703587793,3.107954368915682,0.606008300389325,-0.03172362392785217,-1.3037514620541435
1726406928842812000,34.05381201171875,-3.0860804610712504,-0.7941532888288112,0.031388454288542714,3.1049613209196556,0.6059995945883812,-0.03316475943656875,-1.303903878333334
1726406928852809700,34.06380981445312,-3.0847917636082403,-0.7940327187041494,0.033198289357988846,3.101388248188035,0.6059716429572948,-0.03475890094881419,-1.3040380272850867
1726406928862806800,34.073806884765624,-3.0834118381343516,-0.793911802893795,0.03508015122783088,3.097702439274364,0.6059263331922722,-0.03642338652775953,-1.304148505058949
1726406928872804900,34.08380493164063,-3.0819569008786405,-0.7938357364272144,0.03697184024363212,3.0940464399161067,0.6058098910370874,-0.03810842685536214,-1.3040929063220497
1726406928882801700,34.0938017578125,-3.080192007426493,-0.7937603409916166,0.03877098536321854,3.090859542434543,0.6056892109321185,-0.03977412282135417,-1.3040297527186215
1726406928892798700,34.103798828125,-3.078025793604418,-0.793685235348817,0.04042376069014903,3.088347107132344,0.6055709961708303,-0.04139456260289721,-1.3039685030745667
1726406928902796800,34.113796875,-3.0751543679181492,-0.7936237237644742,0.041880709130004204,3.0868651024541096,0.6054418428725387,-0.04298259548737373,-1.3038704364961287
1726406928912793900,34.1237939453125,-3.071717631546487,-0.7935927442675026,0.0432111790393263,3.0861310619972393,0.6052742527989555,-0.04456835981076656,-1.3036730250479371
1726406928922791700,34.133791748046875,-3.0681112547164706,-0.7936102550987088,0.04445521323743564,3.0857407998046145,0.6050452145071837,-0.046117414422739963,-1.3033181971459997
1726406928932788700,34.143788818359376,-3.0644095574821684,-0.7936530812223261,0.045584067003438436,3.0857104447910895,0.6047904704199463,-0.04759561347493977,-1.3028885337420426
1726406928942786800,34.15378686523437,-3.0608637178233282,-0.7936865327986353,0.04656855842480939,3.0859242801605005,0.6045644731028998,-0.048938436070660736,-1.3025129211854165
1726406928952784000,34.163783935546874,-3.0575796949343657,-0.7937017783271008,0.04739285892650742,3.086342407395966,0.6043837771831446,-0.05011569553368631,-1.3022258477296922
1726406928962781700,34.17378173828125,-3.0546963312116,-0.7936805048204211,0.0480976393625396,3.086758957833221,0.604270817970684,-0.0511343863914407,-1.3020887538214967
1726406928972778800,34.18377880859375,-3.052180189403371,-0.7936255183308961,0.048719012813176886,3.0871085992816365,0.6042169783767075,-0.05202721863689308,-1.3020836029241827
1726406928982775800,34.19377587890625,-3.049947113449355,-0.7935632465696915,0.049294098286906944,3.087360260774674,0.6041818868119903,-0.05283718867407898,-1.3021165537779151
1726406928992774000,34.20377392578125,-3.0479688733806647,-0.7935279594100009,0.04990278502878684,3.0873306363193165,0.6041081881855285,-0.05363121337806533,-1.3020561635118861
1726406929002770700,34.21377075195313,-3.046421544596363,-0.7935455064748334,0.05061328208737358,3.0867112302870092,0.6039543458532253,-0.05443308276881969,-1.3018092805586956
1726406929012768800,34.223768798828125,-3.0450623578862372,-0.7936059490153204,0.051413192886281475,3.0857186390662665,0.6037310936370196,-0.05527352906091749,-1.301403805727792
1726406929022765800,34.233765869140626,-3.0436976190335847,-0.7937015825950469,0.05223373078433466,3.0846742651769823,0.6034555094281425,-0.05613209825150886,-1.3008723206552135
1726406929032763600,34.243763671875,-3.0423762504228526,-0.7938138296295179,0.053081227102375644,3.0835269306456548,0.6031521295696503,-0.05700471070834413,-1.3002789384371225
1726406929042761000,34.253760986328125,-3.04143328432478,-0.7939304969747429,0.0539633752377668,3.0820040514743674,0.602840753582323,-0.0578402378905306,-1.2996698833498876
1726406929052758800,34.2637587890625,-3.040938396785292,-0.7940369872997391,0.0548778726635113,3.0800603402648874,0.6025419556034757,-0.05862417829325237,-1.2990943824209682
1726406929062755800,34.273755859375,-3.0408004300533675,-0.7941278408595986,0.05586554541952704,3.0776632238389214,0.6022551605601308,-0.0594024263297862,-1.2985610795541063
1726406929072752600,34.28375268554687,-3.040869285509166,-0.7942033853894331,0.0568950359878103,3.0750058379563177,0.6019823621251555,-0.0601762362233541,-1.298070741467951
1726406929082750700,34.29375073242188,-3.0406403236489985,-0.7942614789869822,0.05791341576369914,3.072603977631916,0.6017266482204827,-0.06099073714728169,-1.2976279660523016
1726406929092747800,34.30374780273438,-3.04038735363881,-0.7943365306102522,0.0589313773617944,3.0702202258892943,0.601445108054378,-0.06180884317188388,-1.2971229884833644
1726406929102745900,34.313745849609376,-3.040147381166933,-0.7943850493637998,0.05987160491064162,3.068025399698874,0.6012101236969053,-0.06256444776918414,-1.2967226886972618
1726406929112742700,34.32374267578125,-3.0404074069421303,-0.7943971605401264,0.06069992955071003,3.065737624505177,0.6010497355853011,-0.06314882566016254,-1.2964801589836528
1726406929122740700,34.33374072265625,-3.040516362140689,-0.7943608952631914,0.06127748189247888,3.064200610290798,0.6009949682317172,-0.06356745168682845,-1.2964566951380807
1726406929132737800,34.34373779296875,-3.0405497067048164,-0.7943064010583863,0.061556275566461725,3.0634758577311336,0.6010169514778765,-0.06377206487811847,-1.2965676619505138
1726406929142734800,34.35373486328125,-3.0409039378782374,-0.7942217556887344,0.061592688426327376,3.063121975337136,0.6011287175297642,-0.06373785168082449,-1.2968492499640647
1726406929152733000,34.36373291015625,-3.0419892424044046,-0.7940951277538943,0.06142110653816919,3.0627424765892926,0.6013470072578455,-0.06342125252571992,-1.2973438273992342
1726406929162729700,34.37372973632812,-3.043241993606492,-0.7939116598952174,0.060927987601476045,3.063050658428387,0.601701184521065,-0.06283176692594881,-1.2981126236289646
1726406929172727800,34.38372778320313,-3.043935651748052,-0.7936613270071297,0.06013276944618948,3.064548760773934,0.6021865860291756,-0.06210628511190518,-1.2991618982379993
1726406929182724600,34.393724609375,-3.0440988597899152,-0.7933990881239367,0.0592914243680446,3.0665668802622976,0.6026842408059583,-0.06143400718814813,-1.3002434286485867
1726406929192722700,34.40372265625,-3.0440179472958584,-0.7931781151318702,0.05863974197641929,3.0682895743140204,0.6030880508847049,-0.060946751469567864,-1.3011316764971115
1726406929202719700,34.4137197265625,-3.0441270232021154,-0.7930073838523152,0.05825088037615156,3.069201207886557,0.603382294876834,-0.060628351002058725,-1.3017940466789357
1726406929212717800,34.4237177734375,-3.044701715439991,-0.792885975726583,0.05803559581956516,3.0693168252775505,0.6035890471181433,-0.06036549608511371,-1.3022637866439446
1726406929222714600,34.433714599609374,-3.0459352522308984,-0.7928030287288936,0.05781944148979421,3.0689301964266407,0.6037557724712953,-0.059993102295767486,-1.302622343519619
1726406929232711700,34.443711669921875,-3.0479643943728143,-0.7927590691937587,0.05754625583921827,3.0680789707698697,0.6038936496928878,-0.05944579280840928,-1.3028857265629559
1726406929242709800,34.45370971679687,-3.050426263077055,-0.7927919797425205,0.05734672422143477,3.066707080552523,0.6039245366965089,-0.05888421617469718,-1.3028879594806222
1726406929252706800,34.46370678710937,-3.052971530083674,-0.7929348551714731,0.05746330552849441,3.0644675548746756,0.6037582944838379,-0.05855070663601468,-1.3024513610520367
1726406929262705000,34.47370483398438,-3.0557378223090508,-0.7932126107543732,0.057974713917750505,3.0610594340483033,0.603351371668075,-0.058479899178905496,-1.3014781811237452
1726406929272701700,34.48370166015625,-3.058806059669191,-0.7936004954905023,0.05877252589942162,3.0567011576541643,0.6027548973677659,-0.0585716701360225,-1.3000740102030803
1726406929282699800,34.49369970703125,-3.061910616887695,-0.7940336543388818,0.05962850569851226,3.052176603395017,0.6020879685411487,-0.0586942975635415,-1.298500271357543
1726406929292696800,34.50369677734375,-3.065639934753629,-0.7944719816803333,0.0604155397835567,3.04736285219759,0.6014350732142231,-0.058651415548716127,-1.2969341345669356
1726406929302694000,34.51369384765625,-3.069992718507523,-0.7948596888261802,0.06109709479448604,3.042354509021695,0.600876781538305,-0.058416252600880285,-1.295569540805085
1726406929312691700,34.523691650390624,-3.0745129317593474,-0.795182412486588,0.06167797298149958,3.03748230148304,0.6004235230392516,-0.05807153927243552,-1.294439687315725
1726406929322688800,34.533688720703125,-3.079073141642962,-0.7954778104823925,0.06220720860565436,3.0327180852420232,0.6000156547498368,-0.057676067601840825,-1.2934083739182352
1726406929332686600,34.5436865234375,-3.083664285733337,-0.7958170623761485,0.06268684762741286,3.0280653198006426,0.5995583679991409,-0.05722955355954217,-1.2922372178368406
1726406929342684000,34.553683837890624,-3.087571622511924,-0.7961716744771911,0.06306121916316326,3.0242016750985643,0.5990876553858835,-0.056814527488120214,-1.291025803659487
1726406929352682000,34.56368188476562,-3.0911352649452013,-0.7965312762870889,0.06337985557877009,3.020744581522842,0.598613942001644,-0.056411210839164484,-1.2898018117810217
1726406929362678800,34.5736787109375,-3.094143373296468,-0.7968892115213062,0.06362293684414136,3.0179011827525444,0.5981461743497135,-0.05604296371892426,-1.28859119796396
1726406929372675600,34.58367553710937,-3.0964119826968397,-0.7972232994147282,0.06378641120722196,3.0158158873662133,0.5977116221741324,-0.05574212338962334,-1.2874684583433964
1726406929382673700,34.593673583984376,-3.0980736783501177,-0.7975494717260466,0.06396558394692818,3.014149574010523,0.5972744639103409,-0.05555669493585303,-1.2863575699548935
1726406929392671000,34.6036708984375,-3.09904990984191,-0.7978674390562727,0.0642722140023294,3.0126801558438676,0.5968141766648213,-0.055584347580768474,-1.2852299426641434
1726406929402668800,34.613668701171875,-3.0992409590378114,-0.798145481274321,0.06478203593346922,3.0112885483101968,0.5963573125825181,-0.05590243165068791,-1.2841686041158415
1726406929412665900,34.623665771484376,-3.098563371918927,-0.7983478639565478,0.06548496865009344,3.0100576145427436,0.5959510898891506,-0.05652247485963111,-1.2832947166725062
1726406929422663700,34.63366357421875,-3.0969193952542646,-0.7984497910666462,0.06630645822962525,3.0092426870134226,0.595638801462057,-0.057409855586227576,-1.2827075428039947
1726406929432660700,34.64366064453125,-3.0944267095935083,-0.7984467740388476,0.06721510501415141,3.0088331746306136,0.5954326945000594,-0.05852145110356319,-1.2824297540468887
1726406929442657800,34.65365771484375,-3.0913973391490153,-0.7983865311362677,0.06820162688688987,3.0086239426281787,0.5952751319214398,-0.059790716049028615,-1.2823076369494693
1726406929452655900,34.66365576171875,-3.088152574941351,-0.7983314307505602,0.06929343367966567,3.008312183483793,0.5950823438810605,-0.061175375366273925,-1.282128565477485
1726406929462652700,34.67365258789062,-3.0848302840055393,-0.7983278330784089,0.07046310062764273,3.007866320984934,0.5947987042248177,-0.06262702745482493,-1.2817442664732162
1726406929472650800,34.68365063476563,-3.081031566775902,-0.798364271636938,0.07159136339294069,3.0078798676453884,0.5944546923852053,-0.06412987345018005,-1.2812204390209876
1726406929482647600,34.6936474609375,-3.0763882660218913,-0.7984031323908773,0.07258472147042508,3.0088573147288282,0.5941124062105297,-0.06568412384217653,-1.2807049422227137
1726406929492645600,34.703645751953125,-3.0710982610108837,-0.7984028528586944,0.07341493224707939,3.0107185661635576,0.5938368741793228,-0.06723724073950203,-1.280344385027076
1726406929502643000,34.713642822265626,-3.0657283837460345,-0.7983358866946934,0.07410876810686712,3.012975427714029,0.5936723191857014,-0.06870921035029215,-1.280236859232816
1726406929512640800,34.723640869140624,-3.0607170703413002,-0.7981977733838167,0.07469350332698196,3.0152358118988105,0.5936291113093839,-0.07004068077514565,-1.2803984900159397
1726406929522637800,34.733637939453125,-3.057767094101293,-0.798012649385736,0.07529478280454291,3.015921267205271,0.5936858071035266,-0.07101904549817209,-1.2807558310209952
1726406929532634600,34.743634521484374,-3.0549737836194812,-0.7977577999260597,0.07564253964493467,3.0171256505028152,0.5938920588571414,-0.07178410968773961,-1.2814265862028056
1726406929542632700,34.7536328125,-3.0527217049723165,-0.7974718250189681,0.07582374613989579,3.0183465944196177,0.594186804909166,-0.07232942882214316,-1.2822658281974133
1726406929552629800,34.76362963867187,-3.0511055409188312,-0.797197900817492,0.0758772586275688,3.0194162191766774,0.5945064630142189,-0.0726654122061619,-1.2831205843142368
1726406929562627800,34.7736279296875,-3.0500355552068146,-0.7969544634830844,0.07581282493261395,3.0203762067614757,0.5948227070562269,-0.07281505616431813,-1.2839250627648906
1726406929572624600,34.78362475585938,-3.049359336976599,-0.796738662041371,0.0756444930666336,3.0213041996893537,0.5951330109664769,-0.07281626950473138,-1.2846802345886121
1726406929582622700,34.793622802734376,-3.04863030544798,-0.7965082966622046,0.0753894520323105,3.0224905445354526,0.5954802956460135,-0.07276188944171108,-1.2855094297065448
1726406929592619800,34.80361987304688,-3.0483956531430443,-0.7962751474070799,0.07515895542187734,3.0232466368958906,0.5958362155138693,-0.07263840059488297,-1.286352916348874
1726406929602616800,34.81361694335938,-3.0486615988404755,-0.7960296294882866,0.07496739088237953,3.0235305792523306,0.5962102961109795,-0.07245642754538932,-1.2872375299124148
1726406929612615000,34.823614990234375,-3.049366029158375,-0.7957641295564171,0.07482648825543432,3.023358669471563,0.5966090185065207,-0.07223659297452793,-1.288185094151013
1726406929622611700,34.83361181640625,-3.050558077540368,-0.795512372257134,0.0747903332190057,3.0225566009923877,0.59697661649615,-0.07201050321855094,-1.2890664803734224
1726406929632609800,34.84360986328125,-3.0520429018964976,-0.7952975591983873,0.07481109313665757,3.0213898301880815,0.5972883971033136,-0.07177605944792989,-1.289813266286035
1726406929642606800,34.85360693359375,-3.0536377823617133,-0.7951436231459315,0.0748123511673329,3.0201877419361898,0.5975252443458244,-0.07150687252500926,-1.2903643518724355
1726406929652605000,34.86360498046875,-3.055650648137457,-0.7950627084763066,0.07485180670998398,3.018574882977218,0.5976655823699819,-0.07119206323321747,-1.2906715298166755
1726406929662601700,34.87360180664062,-3.0579372809318106,-0.7950809301827533,0.07501563654914362,3.0164441085136318,0.5976532195539677,-0.07091909893698486,-1.2906154568489463
1726406929672598800,34.88359887695312,-3.0604878338081782,-0.7951896522193223,0.0753836359753182,3.013604467399055,0.5974826093599733,-0.0707482001377882,-1.2902000745833926
1726406929682596600,34.8935966796875,-3.0633798092076345,-0.7953571043483308,0.07597480599951496,3.009951668072943,0.5971928407738961,-0.07067977197083529,-1.2895234785425975
1726406929692594000,34.90359399414063,-3.0661116908633583,-0.7954975126674381,0.07670916977778014,3.0060621633132776,0.5969041082345276,-0.07074465921211272,-1.2888832663985583
1726406929702591700,34.913591796875,-3.0680009978188107,-0.7955587258845216,0.07748340121653041,3.0027042729018376,0.5966935381310174,-0.0709884728313179,-1.2884714849743524
1726406929712588800,34.9235888671875,-3.068758516175328,-0.7955130204907395,0.07831573869299631,3.0000453198319827,0.5965873225975503,-0.0714786393155115,-1.288368887250496
1726406929722587000,34.9335869140625,-3.0682669547474237,-0.7953565685652658,0.07920978009210769,2.9981625317095872,0.5965863826459804,-0.07223958735342928,-1.2885849410000214
1726406929732583700,34.943583740234374,-3.0665854166839748,-0.7951230365047289,0.08002721195080413,2.9973603606681016,0.5966769800332424,-0.07315574357349623,-1.2890527295690575
1726406929742580700,34.953580810546875,-3.063911060731145,-0.7948819984284666,0.08050650781144503,2.9981525548520773,0.596830270190761,-0.07399236901770649,-1.289631969676487
1726406929752578800,34.96357885742187,-3.0605132595747238,-0.7946758171074223,0.08046960691137676,3.0007888502015665,0.597038422312807,-0.07456596418900728,-1.2902509587121436
1726406929762576000,34.97357592773437,-3.056722666299707,-0.7944822776527178,0.07996481646924208,3.0049004319417363,0.5973274522783851,-0.07485517399556375,-1.2909710525213451
1726406929772573700,34.98357373046875,-3.0529434726295896,-0.794308060304047,0.07909815752849064,3.0099194479656575,0.5976730632842038,-0.0748674897398127,-1.2917437190747874
1726406929782570800,34.99357080078125,-3.049379271331955,-0.7941788617768577,0.07802258386555973,3.015308220036224,0.5980093310347179,-0.07468041054358669,-1.2924322797606171
1726406929792568600,35.003568603515625,-3.0458575644122274,-0.7940963877143916,0.0767863467477282,3.0210745012054643,0.5983186869292588,-0.07436023777652519,-1.293010998576059
1726406929802566000,35.01356591796875,-3.042044649469055,-0.7940162738268758,0.07548033451131766,3.027240320022881,0.5986315631319293,-0.07403403874935331,-1.2935859805055632
1726406929812562700,35.02356274414063,-3.0375016421242,-0.7939078342072837,0.07419822568309159,3.033901974204935,0.5989587231997175,-0.07384734926232321,-1.2942155125495005
1726406929822560800,35.033560791015624,-3.0322921631775133,-0.7937722682325979,0.07299286766711996,3.0408797513952197,0.5992888497841788,-0.07382794474895489,-1.2948785249962078
1726406929832557600,35.0435576171875,-3.027265251751717,-0.7936799388515197,0.07187444400622872,3.047503399208171,0.599544797082917,-0.07383897843795859,-1.2953636916649427
1726406929842555600,35.0535556640625,-3.022643440258296,-0.7936461607029375,0.07076067046613813,3.0538090885481974,0.5997290113981584,-0.07378269272924487,-1.2956559907542073
1726406929852552700,35.063552734375,-3.0187754508701707,-0.793674979941638,0.06966414987564425,3.0594980307718513,0.5998402435683174,-0.07361142103559558,-1.2957497201809658
1726406929862549500,35.07354956054687,-3.016055110954105,-0.7937711624704001,0.06862764707794919,3.0641619961111584,0.5998715261171763,-0.07329250139680313,-1.2956344249933252
1726406929872547600,35.08354760742188,-3.014744582027885,-0.7939009259071365,0.06768259221700433,3.0675260141644496,0.5998665372403421,-0.07280448723760112,-1.2954253416229855
1726406929882544600,35.09354467773438,-3.014507541001568,-0.7940471847668912,0.06675922044765038,3.070022620993189,0.5998554484753335,-0.07215089082764915,-1.2951905885610604
1726406929892542700,35.103542724609376,-3.014914590349613,-0.7942069685647605,0.06578512866121984,3.0721593000573977,0.599847381030144,-0.07134967839423449,-1.2949441262320425
1726406929902539500,35.11353955078125,-3.0155717754840325,-0.7944071334251919,0.0647369377676662,3.0742888454724326,0.5998023666513315,-0.07045188884092472,-1.2945874823852057
1726406929912537600,35.12353759765625,-3.0165371227383755,-0.7946923850078923,0.06367946055182158,3.0761981686893214,0.5996487978533122,-0.06949943734025302,-1.2939567573205462
1726406929922534700,35.13353466796875,-3.0182160851272384,-0.795100652897229,0.06273215765337545,3.077275926714172,0.5993207848748839,-0.06851520499130312,-1.2929081459430276
1726406929932531700,35.14353173828125,-3.0207834149658517,-0.7956449658646875,0.06196785566150202,3.0772078829891787,0.5987903162572689,-0.06752304165188502,-1.2913834144801781
1726406929942529800,35.15352978515625,-3.0239874509246794,-0.7963147554604187,0.061369968488240244,3.076231746558374,0.5980700528594479,-0.06654972630514483,-1.2894133466869981
1726406929952526600,35.16352661132812,-3.0276594952183555,-0.7970707889190877,0.06091736556811743,3.0745375294497523,0.5972130897972029,-0.06560269091035324,-1.2871268995357623
1726406929962524700,35.17352465820313,-3.03157878887315,-0.7978764861433001,0.06056667532781501,3.072408704142842,0.5962726466121017,-0.06468298346087299,-1.2846513844220309
1726406929972521500,35.183521484375,-3.035544829494732,-0.7986940997973052,0.06018841081580623,3.0703261517606375,0.5953184874123693,-0.06372560332327427,-1.2821349965081952
1726406929982519600,35.19351953125,-3.0393501280306623,-0.7994843346553978,0.05967697804725479,3.0687125828487445,0.5944186819662376,-0.06268780852961571,-1.2797316538138843
1726406929992516600,35.2035166015625,-3.042066221990558,-0.8002187538352723,0.058916558344653834,3.068545526062475,0.5936140464272804,-0.06165209102657848,-1.2775372332064368
1726406930002513700,35.213513671875,-3.0447543910394725,-0.8008781021109597,0.05799791655678555,3.068806200837458,0.5929336386150316,-0.06049875653516432,-1.2756264481042785
1726406930012511500,35.223511474609374,-3.0475611860031813,-0.801451288667162,0.056925011495740085,3.069375096557208,0.5923935914211201,-0.059205285323146305,-1.274038990842244
1726406930022508500,35.233508544921875,-3.0503617601967754,-0.8019353260427475,0.055722936082279254,3.070280132839247,0.5919901520048046,-0.05781388901867683,-1.2727729358112672
1726406930032506600,35.24350659179687,-3.0531496555299453,-0.8023314829687294,0.05442011479694621,3.0714534635960145,0.5917158907226332,-0.05634770306147816,-1.2718164979720723
1726406930042503700,35.253503662109374,-3.055972660496832,-0.8026488676640143,0.052972415621264694,3.0729682451432323,0.591565341336145,-0.054766203809498294,-1.2711491598856692
1726406930052500500,35.26350048828125,-3.0584805890669813,-0.8028861061962389,0.051264815369573745,3.0753681786791773,0.5915503036542259,-0.053049334983177654,-1.2707884744415545
1726406930062498600,35.27349853515625,-3.0605444874879857,-0.8030355999397013,0.04927687846617766,3.07879841100989,0.5916786363224871,-0.051205979259755306,-1.2707559595643017
1726406930072495600,35.28349560546875,-3.062210496211279,-0.8031176468665366,0.04711619532984535,3.0829553329500774,0.5919045567827937,-0.04930706503923927,-1.2709581960350933
1726406930082493400,35.293493408203126,-3.063532111603603,-0.8031844752269214,0.04498150479425178,3.0873009656336654,0.5921284151874269,-0.04748990313020709,-1.271177402911766
1726406930092490800,35.30349072265625,-3.0647984797523353,-0.8032779129053407,0.04304318718703748,3.0911950570781146,0.5922767141702003,-0.04582820411747201,-1.2712511155103072
1726406930102488600,35.313488525390625,-3.0661930505373274,-0.8033860348591819,0.04139068359419855,3.0942801171474517,0.5923599971391843,-0.04435442953623931,-1.2712119068847902
1726406930112485600,35.323485595703126,-3.067700559007117,-0.8034756053159675,0.04000950227004913,3.096606201912174,0.5924290135143674,-0.043059934436739916,-1.2711811234071413
1726406930122482400,35.333482421875,-3.069266348096119,-0.803527899973227,0.03885629021730593,3.0983231378186504,0.5925164736222858,-0.04192216466983392,-1.2712312084224355
1726406930132480500,35.34348046875,-3.0707317238747365,-0.8035459986378527,0.037995131813450385,3.099388058121837,0.5926109108784705,-0.04101765124361285,-1.2713406106981104
1726406930142477600,35.3534775390625,-3.0722678161405756,-0.803552937867878,0.03757689907665196,3.0992975800183045,0.5926687091493031,-0.040427147105415014,-1.2714166335335193
1726406930152475600,35.3634755859375,-3.073828316689485,-0.803595086968429,0.03763500849110019,3.097999972912401,0.5926245464179511,-0.04018488750566659,-1.2712994965103497
1726406930162472400,35.37347241210937,-3.0751797217001564,-0.8037058115432651,0.03802578020611475,3.0960240402471784,0.5924463718819499,-0.040227639145154676,-1.2708913258232253
1726406930172470500,35.38347045898438,-3.076436721973063,-0.8038778210805783,0.03859891227497856,3.0936615877360523,0.5921626710136111,-0.04042234001265475,-1.2702449202108896
1726406930182467600,35.39346752929688,-3.077896049809014,-0.80406612420389,0.039171097285639785,3.0911537653516405,0.5918587955998886,-0.04057781056093401,-1.2695457465442648
1726406930192464600,35.40346459960937,-3.0796344188855285,-0.8042292474906153,0.03954007153803014,3.088949648412796,0.5916157088417754,-0.040530350509218535,-1.2689675740947512
1726406930202462700,35.413462646484376,-3.0814915164236227,-0.8043573474110631,0.03972894769140573,3.0871096023953957,0.5914429658326767,-0.04032703528222155,-1.2685400803466074
1726406930212459500,35.42345947265625,-3.083357988220082,-0.8044794926141295,0.039894817800931105,3.0853213191923996,0.5912807629734158,-0.04010410779432768,-1.2681341863306856
1726406930222457600,35.43345751953125,-3.085163317971416,-0.804612261071651,0.040138901542430896,3.0833845059012357,0.5910940756921806,-0.03994899703391902,-1.2676772696728398
1726406930232454700,35.44345458984375,-3.0867370334982493,-0.804791231704724,0.04044178863407767,3.0814721489310526,0.5908344451472016,-0.03987855824221831,-1.26704869519724
1726406930242451700,35.45345166015625,-3.0872848214257256,-0.8049839370478286,0.04072965656700795,3.0803513013600377,0.5905446449322861,-0.03998624421648018,-1.2663569652252535
1726406930252449500,35.46344946289062,-3.0869716162736265,-0.8051876654890696,0.041058233404108746,3.0797613050932715,0.590224038871115,-0.040283252438863,-1.2656072275794297
1726406930262446600,35.47344653320312,-3.0861950230779605,-0.8053667157121798,0.041425716005043835,3.0794144305579447,0.5899257664811006,-0.04069530418810875,-1.2649246059173076
1726406930272444400,35.4834443359375,-3.0853703958879564,-0.8055046888832501,0.041862276964075615,3.078931311946306,0.5896735029474987,-0.04116739734927291,-1.2643653549485125
1726406930282441700,35.49344165039062,-3.084657676902397,-0.8056379574425828,0.04222163940137944,3.078558041326312,0.5894382950351232,-0.041562267538959405,-1.2638390937784532
1726406930292439800,35.50343969726563,-3.0842108978516047,-0.805835290790594,0.0422521610416485,3.0788051874061555,0.5891588024887267,-0.04166651452631297,-1.2631565080046854
1726406930302436600,35.5134365234375,-3.0838906696872486,-0.8061038660796902,0.04198700864242832,3.079692067413192,0.588820017694461,-0.04153086347594902,-1.2622884637995717
1726406930312433700,35.52343359375,-3.0828142071728237,-0.8064171854970122,0.041592655367225034,3.081449161463433,0.5884247849606719,-0.04144387057395599,-1.2612741957037388
1726406930322431500,35.533431396484374,-3.0808269084337527,-0.8067850733407621,0.04130627781990171,3.0835980628675395,0.5879287478551504,-0.04160952028093502,-1.2600372896180585
1726406930332428800,35.5434287109375,-3.0787577184326156,-0.8072131446091027,0.041399968141688864,3.0848574948480665,0.5873016199091285,-0.042070676120051685,-1.2585262956996994
1726406930342426600,35.55342651367187,-3.0767618642433883,-0.8076566721856377,0.041856473804712205,3.085159009455441,0.5866073207961033,-0.042784570808035174,-1.2568952061921883
1726406930352423700,35.563423583984374,-3.074862719557038,-0.808093728023439,0.04244710835979325,3.085054762864784,0.5859041229659007,-0.0435794013305243,-1.2552614624129887
1726406930362420500,35.57342041015625,-3.0730727728553298,-0.8085234571496914,0.043075310065452586,3.0847755080062242,0.585204624717828,-0.04438204505987141,-1.253642468840713
1726406930372418600,35.58341845703125,-3.0714528729740604,-0.8089459472341185,0.04369725661490188,3.084386631163417,0.5845158282224971,-0.045148639980655283,-1.2520504097031067
1726406930382415600,35.59341552734375,-3.0700678639506034,-0.8093838462252989,0.04421629628525861,3.0840796834499837,0.5838197438119984,-0.04579660445395985,-1.2504247024952033
1726406930392413700,35.60341357421875,-3.0688715280605074,-0.8098132439295426,0.04463771882108448,3.083876608518386,0.5831489322979561,-0.04633830848096265,-1.2488467090155497
1726406930402410500,35.61341040039063,-3.067664506646824,-0.8102220690478135,0.044874737295934476,3.084136431114521,0.5825298194365949,-0.046750045057779556,-1.2473724626470544
1726406930412408600,35.62340869140625,-3.066312316468577,-0.8106122733908036,0.04485435941029754,3.08513514998138,0.5819676369281189,-0.047006293537670524,-1.246004234814277
1726406930422405600,35.633405517578126,-3.064911785770035,-0.8110031103124707,0.04456985228569741,3.0868178081474436,0.5814383756359266,-0.04708437826188884,-1.2446802081948103
1726406930432402700,35.64340258789063,-3.063676073679162,-0.8113955550424851,0.04411491298934129,3.088799708441589,0.5809314550069918,-0.047010114819924856,-1.2433852510281809
1726406930442400800,35.65340087890625,-3.0626953434767934,-0.8117975238839433,0.04357966751625972,3.0907932434929535,0.580424464317799,-0.04683043049179967,-1.2420752474636545
1726406930452397600,35.6633974609375,-3.0618847355330123,-0.8122130556908218,0.04303379527187111,3.092687379650832,0.5799013005536523,-0.04661198801756278,-1.2407230499649984
1726406930462395600,35.67339575195312,-3.0611142128141595,-0.8126801442073077,0.042520892092618945,3.0944643397585767,0.5793002836726084,-0.04641287702030358,-1.23918418179579
1726406930472392400,35.68339233398437,-3.0602365743408604,-0.8131985650329653,0.04206990933907896,3.0961572736228864,0.5786156061228346,-0.04628355400201512,-1.2374510886331336
1726406930482389800,35.6933896484375,-3.0591356523813227,-0.8137387499227264,0.041754124321837546,3.0976699859177006,0.5778772795597359,-0.04629906782956189,-1.2356087520439722
1726406930492387600,35.7033876953125,-3.0579018921671803,-0.8142818558094453,0.0415505762784808,3.098996177961705,0.5771165335850835,-0.04642433345704185,-1.233730030825346
1726406930502384600,35.71338452148437,-3.0570644793110278,-0.8147934331343992,0.04136449545023013,3.0999979727866975,0.5764025308511489,-0.046482757023339136,-1.2319641169265456
1726406930512382500,35.723382568359376,-3.0567904706834588,-0.8152415569057295,0.04104168748646308,3.1009419582482547,0.5758042665118558,-0.04632830386454826,-1.2304583984079054
1726406930522379500,35.73337963867188,-3.0568537969308704,-0.815598528705812,0.040549702653001715,3.1020713934121953,0.5753612100315744,-0.04598210721319501,-1.2293060606242798
1726406930532377600,35.743377685546875,-3.0572792849156074,-0.8158508585938652,0.03994931557045237,3.103221596007238,0.575085127908143,-0.04548095550567065,-1.2285443094655375
1726406930542374700,35.753374755859376,-3.058132964320212,-0.8160191794741979,0.03931231746538899,3.104168398488412,0.5749386828565242,-0.044862418449133745,-1.2280917457121843
1726406930552371500,35.763371337890625,-3.0589612235645514,-0.8161907671203158,0.03861383870965132,3.105283693239916,0.5747933327350959,-0.04420590025517701,-1.2276357332020538
1726406930562369500,35.77336962890625,-3.0597144466676727,-0.8164654930305674,0.03782974957928558,3.1066514110719488,0.5745083903253934,-0.04350915705671564,-1.2268296996618968
1726406930572366600,35.78336669921875,-3.060843292025053,-0.8169082014349344,0.037026004381391364,3.1077865098477875,0.5739897979785499,-0.04272873688306613,-1.2254494866377916
1726406930582364700,35.79336474609375,-3.062595132634398,-0.8174771964844058,0.03627107582304526,3.108353263110689,0.5732917183779729,-0.041858788114000074,-1.223635112783969
1726406930592361700,35.80336181640625,-3.064868457700559,-0.8180762802513384,0.035510172885158356,3.108569185431841,0.572555039997515,-0.040875753281808855,-1.2217239974973857
1726406930602358500,35.81335864257812,-3.067676546262191,-0.8186165149543053,0.034691211773443566,3.108563028729551,0.5719130847582969,-0.03973533151314947,-1.220036579859916
1726406930612356600,35.82335668945313,-3.070560503882338,-0.8190457711511815,0.03383187389192175,3.1086164319742196,0.5714314413967287,-0.0385440406201174,-1.2187383413960768
1726406930622353700,35.83335375976562,-3.073092740813754,-0.8193867046080098,0.03289710174093959,3.1091094211377275,0.5710752286357516,-0.03736926491054103,-1.217743647116446
1726406930632351700,35.84335180664063,-3.0747616281688397,-0.8196497843668353,0.0319893970301513,3.11014479308036,0.57081219524175,-0.03639218767174281,-1.2169893758425068
1726406930642348500,35.8533486328125,-3.0756743871448506,-0.8198540891062508,0.031196064443137876,3.111431668427167,0.5706092502149991,-0.03565269760631061,-1.2164027459223803
1726406930652345600,35.863345703125,-3.0761725076995288,-0.8200014642960681,0.030587736166634894,3.1125593607512756,0.5704629535898738,-0.03512819747750314,-1.215978798493952
1726406930662343400,35.873343505859374,-3.0765794759767764,-0.8201169519924071,0.03005038056446182,3.11357940436814,0.5703533502443695,-0.034671524119244644,-1.2156530780373274
1726406930672340700,35.8833408203125,-3.077006240704014,-0.820195391594055,0.029458423398870184,3.114721854936328,0.5703017064765771,-0.03417142902846492,-1.2154640354624409
1726406930682338800,35.8933388671875,-3.0781071060379235,-0.8202737217173657,0.02869249179155778,3.1158205053225076,0.570273272768319,-0.03340723245901947,-1.2153102808559149
1726406930692335600,35.903335693359374,-3.0798396772372665,-0.8203514591105296,0.02780021781344648,3.11678874665954,0.5702627480495418,-0.03242101733465179,-1.2151865947859448
1726406930702333700,35.91333374023438,-3.082028411792213,-0.8204604296258619,0.026851529930707753,3.1175752519742623,0.5702139101191575,-0.0312997335425274,-1.2149638149145663
1726406930712330500,35.92333056640625,-3.0843575977666333,-0.8206197887159518,0.02601216147247232,3.1179940833870856,0.5700814709421204,-0.030226172757873038,-1.2145506283301544
1726406930722327800,35.93332788085937,-3.08627616237136,-0.820870631815536,0.02532883646388848,3.1183116163297346,0.5697967296959889,-0.029350812821555,-1.213785492218113
1726406930732325600,35.94332568359375,-3.087705693555338,-0.8212153401318987,0.02484580938081503,3.118474772639542,0.5693531718626573,-0.028720897197341454,-1.2126559581751264
1726406930742322700,35.95332275390625,-3.0890859762334646,-0.8216344460787971,0.02461872177166029,3.1180451554368243,0.5687802678483241,-0.02828020246880184,-1.2112352802506239
1726406930752320500,35.963320556640625,-3.090584471588238,-0.8220871703128361,0.024580251688938945,3.117074922546042,0.5681441397631637,-0.02794398237160397,-1.209676516396616
1726406930762317600,35.973317626953126,-3.092763910275316,-0.8225010957321383,0.024766971242583556,3.1150925008222234,0.5675526820620043,-0.02761340889563368,-1.2082399101270722
1726406930772314600,35.98331469726563,-3.0953880015759494,-0.8228012363566707,0.02516781111050417,3.1122934235198803,0.5671136051368506,-0.027329116321504445,-1.2071867791585214
1726406930782312700,35.993312744140624,-3.097835436189312,-0.8229740689707848,0.02577959583611813,3.1091126887056553,0.5668403672007091,-0.027223853544595895,-1.206552716765316
1726406930792309500,36.0033095703125,-3.0999451779856178,-0.8230696403089297,0.026644342272776733,3.105554667886909,0.5666548541640494,-0.02736352231567467,-1.206152899353142
1726406930802307600,36.0133076171875,-3.1018593132205243,-0.8231370102571206,0.027793908089727353,3.101441366434967,0.5664833597390093,-0.027740274311035405,-1.2058106100329231
1726406930812304400,36.02330444335937,-3.1041324451133514,-0.8232041549073829,0.029164494429573796,3.096545619154412,0.5662947872171054,-0.02818992613508568,-1.205440621636575
1726406930822301700,36.0333017578125,-3.1072794827396675,-0.8232285214972979,0.030592488476539625,3.0909113280074356,0.5661689368742054,-0.02848864617093569,-1.205214473143959
1726406930832299800,36.0432998046875,-3.1106998459058297,-0.823156696407511,0.0317833081281208,3.0856653886972003,0.5662038841142446,-0.02856680281100788,-1.2053516240518538
1726406930842296600,36.05329663085938,-3.1141151038079142,-0.8229245753740948,0.03265916370025399,3.081182942441431,0.5664979349794896,-0.02843644007808272,-1.2060872483853728
1726406930852294700,36.063294677734376,-3.1170090912205564,-0.8225014901130568,0.03325991945773528,3.077716716609398,0.5670869203539313,-0.028241350262035496,-1.207521820714621
1726406930862291500,36.07329150390625,-3.119017715310236,-0.8219091127754382,0.03361752583472818,3.0754385809218445,0.5679320149975505,-0.02808259671114909,-1.2095728726412656
1726406930872288800,36.08328881835938,-3.120138830888364,-0.8212010574404449,0.03372019411538187,3.0743829133522276,0.5689557269746902,-0.027948329523137923,-1.2120534480120546
1726406930882286600,36.09328662109375,-3.120690271044311,-0.8204234753148922,0.03357340091565731,3.0743228607030195,0.5700937958787065,-0.02776879319594454,-1.214804425247725
1726406930892283600,36.10328369140625,-3.1209835896720763,-0.8196250492710853,0.03312791343891282,3.075168372973823,0.5712830985623047,-0.02743799958533439,-1.21766331951246
1726406930902281500,36.11328149414062,-3.1216069860919338,-0.8188319874038495,0.03252551820925862,3.0761671022062624,0.5724782518559006,-0.02692740964221836,-1.2205221570275755
1726406930912278500,36.12327856445312,-3.122891011318102,-0.8180743622899961,0.031921134070801604,3.0767089723716854,0.573624348709926,-0.02627553196606423,-1.2232529145638713
1726406930922275600,36.133275634765624,-3.124558058983226,-0.8173735022142593,0.031357784845642965,3.076881440176159,0.5746854513769414,-0.02557141558637854,-1.2257773839291566
1726406930932273700,36.14327368164062,-3.125998858518613,-0.8167261396301494,0.03085474225737721,3.0770646436316422,0.5756593970021707,-0.024955357125209823,-1.22810025859297
1726406930942270500,36.1532705078125,-3.126824606670137,-0.8161250002465418,0.03049449983094868,3.0773320780504028,0.5765471427463681,-0.024564633075404158,-1.2302347744361808
1726406930952268500,36.1632685546875,-3.1269834464327158,-0.8155438788594268,0.03033430988439787,3.077581287739029,0.5773823117421446,-0.024450262922109642,-1.2322684681156426
1726406930962265600,36.173265625,-3.1268960606400373,-0.8149678133033101,0.030322385980691598,3.07764185567479,0.5781940141397978,-0.024490153019249675,-1.234260375754857
1726406930972262700,36.1832626953125,-3.1271391295404927,-0.8143929552430242,0.030366846948499993,3.0773293966146826,0.5790005052009854,-0.024503216632478984,-1.2362398573065463
1726406930982260700,36.1932607421875,-3.1280853482868,-0.8138204764594541,0.03038719437252842,3.0765743513637043,0.5798099974624926,-0.024358802341779583,-1.2382154792117797
1726406930992257500,36.203257568359376,-3.1297266128700785,-0.8132636124326068,0.030375973473461066,3.0753985119299765,0.5806039494734861,-0.024054440388706643,-1.2401400711773023
1726406931002255600,36.213255615234374,-3.131914779796415,-0.8127485891203112,0.03034021886323407,3.0738897221185892,0.5813441327086823,-0.023624707633020454,-1.2419229111576529
1726406931012252700,36.223252685546875,-3.1343764706365196,-0.8122626318035066,0.030295239924573246,3.0722039000625365,0.5820449839509305,-0.023136321442409645,-1.2436046265939575
1726406931022249700,36.233249755859376,-3.1370830716665203,-0.8117923059830968,0.030310581580783893,3.0701888867430247,0.5827193135725787,-0.02264589488855076,-1.245221213888152
1726406931032247600,36.24324755859375,-3.139791890324723,-0.8113452799991402,0.030430039218998388,3.06791126444251,0.5833512354827612,-0.022232329585445396,-1.2467399269464357
1726406931042244600,36.25324462890625,3.1409527836373714,-0.8109448305298806,0.030657164933762773,3.0655594422964083,0.5839066711644962,-0.021949036948676552,-1.2480816770143475
1726406931052242400,36.26324243164063,3.1390059768639507,-0.8106067814210389,0.030977134898700485,3.063335695133196,0.5843635643537508,-0.021826985006642294,-1.2491947901857594
1726406931062239700,36.27323974609375,3.1376673072607004,-0.8103117642977505,0.031293200320416555,3.061561007106089,0.5847558536518719,-0.021819139552456606,-1.2501587864860835
1726406931072236500,36.28323657226562,3.137003795611742,-0.8100166342956029,0.03147027094736317,3.06061416705462,0.5851543021835526,-0.021843959163095016,-1.2511426645407684
1726406931082234600,36.29323461914063,3.1366564092159455,-0.8097025839493425,0.031460578828643435,3.060352984722515,0.5855909184386169,-0.02179808704237323,-1.2522143315027672
1726406931092231400,36.3032314453125,3.136648598600364,-0.8093846882380255,0.03137816977686514,3.0605160588730618,0.586035813968981,-0.021765937474063253,-1.2533088591365766
1726406931102229500,36.3132294921875,3.1370257091602864,-0.8090997210735102,0.03140612642450798,3.0606894735244996,0.5864233667165104,-0.021884241646200057,-1.2542769812391057
1726406931112226600,36.3232265625,3.137432096510998,-0.8088758517080278,0.031606344656443845,3.0604659160391106,0.5867123067648917,-0.022126733093604245,-1.255013400236673
1726406931122223600,36.3332236328125,3.1377212290227385,-0.8087102456499552,0.0318595515824787,3.060032838523282,0.5869172535967534,-0.022379759803885048,-1.2555434750602412
1726406931132221700,36.3432216796875,3.137853736943669,-0.808585550034306,0.031973272543581684,3.0598348581287635,0.5870783255781888,-0.022498429968615483,-1.255952648927056
1726406931142218500,36.353218505859374,3.1376863392126486,-0.8084845681166661,0.031854040052589024,3.059996906066399,0.5872281085027488,-0.02238932816493108,-1.2563122972511656
1726406931152216600,36.36321655273437,3.1371759213409303,-0.8083962010266772,0.031535590333078144,3.0604030475911603,0.587378915512662,-0.02206956943402377,-1.2566539063605713
1726406931162213600,36.37321362304687,3.1364854725066422,-0.8083083129340738,0.031133607501090108,3.0608847302194704,0.587536849080936,-0.021655023134039872,-1.2570052764483308
1726406931172211700,36.38321166992188,3.1355565930342437,-0.8082036701165333,0.030754324968290146,3.061134975822127,0.5877168483287972,-0.02121300847040762,-1.257408468297489
1726406931182208500,36.39320849609375,3.1344298251975093,-0.8080596567410162,0.030413823023670437,3.0611407470914904,0.58794845239459,-0.02076515812514284,-1.2579387194513372
1726406931192205600,36.40320556640625,3.133212230301792,-0.8078672134546074,0.030079135286422868,3.061059950643942,0.5882459581344711,-0.02030909319682507,-1.2586317156269204
1726406931202203400,36.413203369140625,3.132018563087813,-0.8076323398889956,0.029702180891587018,3.0610953145806703,0.5886039240744471,-0.019831402799930904,-1.2594735121699348
1726406931212200700,36.42320068359375,3.130496527503279,-0.8073554556500233,0.029268289500935477,3.0610259710728753,0.589024384516654,-0.01925485977382674,-1.260460974819616
1726406931222198500,36.43319848632812,3.1281777310217027,-0.8070187937444488,0.02884061073918622,3.0603506177840027,0.5895296561616973,-0.01853948658127074,-1.2616459276188368
1726406931232195600,36.443195556640624,3.1247856344424867,-0.8066129123596487,0.028478331437639205,3.0587161691689415,0.5901287844509566,-0.017679441345994563,-1.2630477011822812
1726406931242192400,36.4531923828125,3.1205308890815515,-0.8061782074339207,0.028212716330192126,3.05620011136741,0.5907627158409429,-0.016735924854421054,-1.2645249180083131
1726406931252190500,36.4631904296875,3.1158328473055583,-0.8057846377054756,0.028068795678361215,3.0530548341396413,0.5913321223997335,-0.015799727187365515,-1.2658385752905408
1726406931262187800,36.473187744140624,3.11133611516807,-0.8054865194161156,0.028045812824227235,3.049764382057812,0.5917603723008937,-0.014983229069423419,-1.2668085878170603
1726406931272185600,36.483185546875,3.1071713548672526,-0.8053276738850775,0.028043249040181805,3.0466851673387754,0.5919951606792831,-0.014228979902246334,-1.267302704290474
1726406931282182700,36.4931826171875,3.1035525245799414,-0.8053651769752732,0.0279890165261218,3.0441684707211056,0.5919637561511946,-0.013512727508151455,-1.2671427393868513
1726406931292179700,36.5031796875,3.100393643799808,-0.8056133253792664,0.027888172781748172,3.04214639389603,0.59164606773371,-0.012816583206668035,-1.2662756294788107
1726406931302177800,36.513177734375,3.0968184027031347,-0.8060196573735173,0.027828303420974556,3.0397538373444917,0.5911114410527474,-0.01204584918349718,-1.2648598390559933
1726406931312174600,36.52317456054688,3.0924522333208437,-0.8065091036387303,0.027812732983201714,3.0366986734012733,0.5904620277141872,-0.011140414398162652,-1.263139275680759
1726406931322172700,36.533172607421875,3.0875002090609898,-0.8070001915347783,0.027773523432694316,3.0332863090747373,0.5898112746749472,-0.010099052709094409,-1.2613968594341063
1726406931332169500,36.54316943359375,3.0816740480186504,-0.8074442124439504,0.02778025210982808,3.0291258162718893,0.5892218964985596,-0.008924359892074579,-1.2597813837100278
1726406931342166800,36.55316674804688,3.076639702310686,-0.8078174702218553,0.02761196611118476,3.025969432907396,0.5887342850535218,-0.007777436598565618,-1.2584304762701346
1726406931352164600,36.56316455078125,3.072267904029896,-0.8081438241496479,0.027311034857185362,3.0236189799450504,0.5883138581728389,-0.0066637408135614955,-1.2572586358043847
1726406931362161700,36.57316162109375,3.06822922071902,-0.8084673008455739,0.02692309850763698,3.021731193744549,0.5878988054875659,-0.0055468866671505735,-1.2561070482481924
1726406931372159700,36.58315966796875,3.06430266661049,-0.8088287666507334,0.026477546836174287,3.020083806354828,0.5874314594168304,-0.004398011689734467,-1.2548276560915699
1726406931382156500,36.59315649414062,3.0603680913249707,-0.80924975779382,0.026017671634488263,3.018490082588765,0.5868795258498355,-0.003220162140389707,-1.253337724481802
1726406931392153600,36.60315356445312,3.0563942716391646,-0.8097546050919454,0.025585371112856505,3.0168333154090914,0.5862070402622959,-0.0020310152436439463,-1.2515480898092075
1726406931402151700,36.61315161132813,3.0523213986898607,-0.8103565900246539,0.02517130359389888,3.0151001842156613,0.5853955947265027,-0.0008074957226307908,-1.2494118784087107
1726406931412148700,36.62314868164062,3.047894277470276,-0.8110416159051013,0.02477662289097129,3.013103574040971,0.5844633419352238,0.0004988721498179446,-1.2469656883195146
1726406931422145500,36.6331455078125,3.0429686633965787,-0.8117831086843684,0.024417251647535783,3.0106973436999227,0.5834453024469046,0.0019023625515826273,-1.2442916016563794
1726406931432143600,36.6431435546875,3.0378045589463376,-0.812560387324128,0.02409238377849018,3.0080674215996144,0.5823693599032366,0.0033502387608288077,-1.2414659397294352
1726406931442140700,36.653140625,3.0356532575584243,-0.8133796085139796,0.02337520859974613,3.0085755543256805,0.5812460661605012,0.00449242711754077,-1.2386276434245063
1726406931452138800,36.663138671875,3.034137304987067,-0.8142241349540015,0.02256453084011073,3.009777523271488,0.5800851831046151,0.005581152155582438,-1.2357249497833682
1726406931462135600,36.673135498046875,3.03307499103441,-0.8150999553590479,0.021556019624319255,3.0117972645316042,0.5788802235159777,0.006725089392266269,-1.232738438522625
1726406931472132600,36.683132568359376,3.032075580382164,-0.816002217833773,0.020314510823891564,3.014439447850975,0.5776359518098998,0.00802499883617584,-1.2296698073169996
1726406931482130400,36.69313037109375,3.030650178604675,-0.8169163956357166,0.018893282574900867,3.017224047225109,0.5763677114117604,0.009539931510802216,-1.2265438084470173
1726406931492127700,36.703127685546875,3.028637168328524,-0.817814548954996,0.017437654332821274,3.0196760330613164,0.5751086061251851,0.011196526540043853,-1.223433976254744
1726406931502125600,36.71312548828125,3.0259724413149507,-0.8186822008063324,0.016152868441521608,3.0212497776408984,0.5738754633320765,0.012864571528434334,-1.2203735368689048
1726406931512122600,36.72312255859375,3.0230280429199,-0.819498088036493,0.015147322894819836,3.021937818151562,0.5727011008628288,0.014388417506201822,-1.2174471534115
1726406931522119400,36.73311938476562,3.0202783094793624,-0.8202517488022748,0.014539164714766071,3.0217804414823424,0.5716055122703846,0.015584541752674805,-1.21470808033233
1726406931532117500,36.74311743164063,3.017995646385504,-0.8209380933675451,0.01437498226982935,3.02085083128192,0.5706017945527738,0.01636153602253436,-1.2121906702383092
1726406931542114600,36.75311450195313,3.016161453828462,-0.8215539862346988,0.014588298270504473,3.019295285531818,0.5696972430950537,0.016768273013261645,-1.2099117413310334
1726406931552112600,36.763112548828126,3.0145444486668445,-0.8220962016098755,0.015064949416002752,3.0172293897567206,0.568897298752485,0.016932318117549614,-1.207882674137977
1726406931562109700,36.77310961914063,3.013026904252231,-0.822567094490034,0.015600999637807632,3.015066962513482,0.5681991167563963,0.0170196218633191,-1.2061017744031017
1726406931572106500,36.7831064453125,3.0113396766485487,-0.8229544404771366,0.01603227745869189,3.0130155332728843,0.5676205964418709,0.017197479730872836,-1.2046119710330951
1726406931582104600,36.7931044921875,3.009321093132733,-0.8232882587550077,0.016237027532816414,3.011270036979123,0.5671184057545472,0.017591940070648494,-1.203307733582738
1726406931592101600,36.8031015625,3.0068765655291148,-0.8236114901359713,0.01612427895946558,3.0100026483044258,0.5666297957422163,0.018297285368649024,-1.2020377914100597
1726406931602099700,36.813099609375,3.0038977704547394,-0.8239672747869041,0.015620930518730779,3.0093342527488076,0.5660897018668078,0.01939944961204106,-1.200645249141087
1726406931612096500,36.82309643554687,3.000443789546771,-0.8243752027923654,0.014693291231891937,3.009396088967747,0.565466315965831,0.020914470429776382,-1.199060426804932
1726406931622093600,36.833093505859374,2.996804412492422,-0.8248476112888691,0.013387957903044694,3.0102790833486264,0.5647384527726103,0.02275020472078262,-1.1972447683354774
1726406931632091600,36.84309155273438,2.9933353660313737,-0.8253869650088302,0.011806563131661679,3.011980342567396,0.5639006702249042,0.024758555639929864,-1.1951968930227612
1726406931642088700,36.85308862304687,2.990341503244468,-0.8259763754570896,0.010106563653947095,3.0143172604701323,0.562978730257515,0.026757993513083833,-1.1929827366860888
1726406931652086500,36.86308642578125,2.9876508540033435,-0.8265939706469189,0.008488863494592234,3.016677266819778,0.5620052161557109,0.028643302768806767,-1.1906596969929613
1726406931662083600,36.87308349609375,2.985250809222554,-0.8272290422257333,0.00707153276084644,3.0187610299684544,0.5610007754853026,0.030333646966904278,-1.188266385684787
1726406931672080600,36.88308056640625,2.9833322672066296,-0.8278735243488351,0.006036158093891572,3.020253762963753,0.5599880501636301,0.03166003038384564,-1.185844041914007
1726406931682078700,36.89307861328125,2.98162061661255,-0.8285160428885895,0.005435534490406729,3.0208390131999345,0.5589864264194494,0.032646834764908254,-1.1834204569196551
1726406931692075500,36.903075439453126,2.9799199587515246,-0.829122329282542,0.005321318467313635,3.0202478656531735,0.5580494265402434,0.03329597208921488,-1.181109617162357
1726406931702073600,36.91307348632812,2.9782547716447962,-0.8296333062790867,0.005632243439490332,3.01861968677402,0.5572665098875096,0.033627083219104646,-1.1791317404525392
1726406931712070700,36.923070556640624,2.976674138246864,-0.8299881833435347,0.006143147509819821,3.0165016861982115,0.5567243531864049,0.03376147592197391,-1.177718340269824
1726406931722067700,36.933067626953125,2.9756022776406725,-0.8301511297375584,0.006656751964947208,3.0146305099169797,0.5564780440416353,0.0337190296932273,-1.1770358540917123
1726406931732065800,36.94306567382812,2.9750752040706705,-0.8301314093087814,0.007020438104708808,3.0133979351238254,0.5565105811170648,0.03359364461939609,-1.1770601113332249
1726406931742062600,36.9530625,2.9749376801017116,-0.8299902216110221,0.007182523795475625,3.0128521705322937,0.5567263486364488,0.03347400576481747,-1.1775604981582555
1726406931752059600,36.9630595703125,2.974619126460101,-0.8298035551436264,0.007148472283621988,3.012637307865262,0.5570024181220177,0.03351356125967769,-1.178218772034896
1726406931762057500,36.97305737304688,2.9733939765427624,-0.8296417703570147,0.006947391938562905,3.0122347259274678,0.5572236996490791,0.033884234314004835,-1.1787294944979114
1726406931772054800,36.9830546875,2.9716571634311815,-0.829558015169407,0.006717497210453002,3.011598110978768,0.5573183718404928,0.03441775648998267,-1.1789183449818899
1726406931782052600,36.993052490234376,2.9700914961109834,-0.8295874005870902,0.006554263397687767,3.010967399899637,0.5572465035212902,0.034902258646297694,-1.1787047380090756
1726406931792049700,37.00304956054688,2.9691770073684114,-0.8297051941121679,0.006660194557521984,3.0101624435457306,0.5570585430134003,0.035082738014996506,-1.1782067100597744
1726406931802046500,37.01304638671875,2.9689316539748263,-0.8299274540231854,0.007000929549261658,3.0092856775454497,0.556729284238656,0.034983310542437175,-1.177367443471959
1726406931812044500,37.02304443359375,2.9696920728589897,-0.8302649738625193,0.007676427721320587,3.0083240395857973,0.5562494292624554,0.034461640389460486,-1.1761685920207576
1726406931822041600,37.03304150390625,2.970931346419351,-0.8307146976282431,0.008521541370830192,3.0073242134454885,0.5556089513426041,0.03375046729926788,-1.1745851896129293
1726406931832039700,37.043039794921874,2.972229887252741,-0.8312244730717192,0.009439540817040393,3.0062166364767977,0.5548764894782566,0.03299633567483783,-1.172778025236873
1726406931842036500,37.05303637695312,2.9733327418540014,-0.8317181467398722,0.010341163122821807,3.005011935656859,0.5541616420902585,0.03229478159123823,-1.1710112215602981
1726406931852033500,37.063033447265624,2.9742123227795783,-0.8320971199006668,0.011182593795274509,3.0037510376821133,0.5536133705333834,0.03165014404145043,-1.169645729970563
1726406931862031600,37.07303149414062,2.9745095879784444,-0.8322603642757083,0.011891332029446481,3.002324727570021,0.5533805470640819,0.031163467856957963,-1.169031338938072
1726406931872029000,37.08302880859375,2.9740370920911774,-0.8321397946386808,0.012478213881790485,3.0005511289163675,0.5535665760512951,0.030849624880778526,-1.1694084883225568
1726406931882026800,37.09302685546875,2.97274322124461,-0.8317374410949187,0.01288391997179667,2.998536477276285,0.5541667015408638,0.030758400184415027,-1.1707676106416904
1726406931892023800,37.10302392578125,2.9706822210284227,-0.8311360978694375,0.013127089142668844,2.996306507394624,0.5550553285754154,0.03088814533020867,-1.1728069283905174
1726406931902020600,37.1130205078125,2.9676418369832667,-0.8304387242811272,0.013261206713778706,2.993637814800166,0.5560728757260228,0.03128408740477314,-1.1751279712655185
1726406931912018700,37.12301879882813,2.9636780983071302,-0.829729408773631,0.013245429849668687,2.9907020278128593,0.5570911347997546,0.03198523682067231,-1.1774260766566635
1726406931922015700,37.133015625,2.9593194634607114,-0.8290706758520109,0.013072800279984547,2.9878949041564966,0.5580224743761626,0.03289255237123569,-1.17951234978933
1726406931932012800,37.1430126953125,2.954984409857105,-0.8284983562562147,0.012774602219055714,2.9854389514347055,0.5588184540873639,0.033901288182469506,-1.1812835597010236
1726406931942010600,37.1530107421875,2.9510599085561635,-0.8280355178591565,0.01236631447167567,2.983569835834882,0.559450408063405,0.034921836601224145,-1.1826861795776586
1726406931952007700,37.163007568359376,2.947390526060545,-0.8276836062893447,0.011855987714788251,2.982170198430902,0.5599144145623748,0.03598852530147222,-1.1837039803185854
1726406931962005500,37.17300561523437,2.943448838166933,-0.8274334541947885,0.011284243207343215,2.980790125730326,0.560217048475744,0.0371955896871526,-1.184325921659512
1726406931972002800,37.1830029296875,2.938997494808387,-0.8272486689522691,0.010851010481619003,2.978772320503786,0.5604135857534946,0.03845166310091058,-1.1846526462389952
1726406931981999600,37.19299951171875,2.9339358432636735,-0.8270634080342102,0.010790813227090622,2.975448435748218,0.5606083028944376,0.03959787414460034,-1.1849031985456766
1726406931991997700,37.20299780273437,2.9285632051363724,-0.8268038982162033,0.011284511065225263,2.970537160985368,0.5609232136947456,0.04041299272016883,-1.18536116952211
1726406932001994500,37.21299438476562,2.9232158930394663,-0.8264297991629568,0.012388522615862164,2.964097376057192,0.5614256672973664,0.04076126539627221,-1.1861943998809772
1726406932011992600,37.22299267578125,2.9178911860068726,-0.8259380105966236,0.01392815937999513,2.9565403388632836,0.5621133385326613,0.040755000886268565,-1.1874180344389982
1726406932021990000,37.23298999023437,2.9130280930664685,-0.8254169626733668,0.015577784999152258,2.9489944876574308,0.5628501422457951,0.04054596356221928,-1.188763974432766
1726406932031986700,37.24298657226562,2.9089019076639424,-0.8249607866697947,0.017156686575721548,2.942141192642547,0.5634949891921222,0.04023445398752379,-1.1899273381475703
1726406932041984800,37.25298486328125,2.9057033811345563,-0.8246470918715171,0.018597157181135214,2.9363279190918004,0.5639347694046813,0.03986115898215527,-1.1906537101824903
1726406932051981600,37.26298168945313,2.9029323143857946,-0.8245239494926818,0.019998236467837098,2.931022513787319,0.5640920156130091,0.03950276577533173,-1.1907158494611432
1726406932061979600,37.272979736328125,2.900487565659119,-0.8246191151394272,0.02134595404964424,2.9262173205043824,0.5639238836142229,0.039210372023615936,-1.1900050987151707
1726406932071976700,37.282976806640626,2.898317967691541,-0.8249252103627129,0.02257101933340925,2.9220458289780407,0.5634399865719937,0.03904326266489555,-1.1885503264051631
1726406932081973800,37.29297387695313,2.8962593025090757,-0.8254002770369967,0.02364583657062075,2.918439600541584,0.5626998833820294,0.03904070848927948,-1.1864906771027757
1726406932091971600,37.3029716796875,2.8941711829621397,-0.8259542496149603,0.024590305082718117,2.915195193923611,0.5618361706494067,0.03917930318902849,-1.1841399215982182
1726406932101968600,37.31296875,2.8922370048003594,-0.8264988944652691,0.025442010975251304,2.9122790287088076,0.5609849685957624,0.039346468719201264,-1.1818385697548603
1726406932111965700,37.322965576171875,2.8902626347745466,-0.8269544083601034,0.02623153178347822,2.9094290906722766,0.5602642234767726,0.039525970764618376,-1.1798589804948159
1726406932121963800,37.3329638671875,2.8881676706426447,-0.8272733612090187,0.02700673882729338,2.906440072960276,0.5597454327284116,0.039679172985157656,-1.1783644671736981
1726406932131960600,37.34296069335937,2.8857693805032114,-0.8274556553653797,0.02774520858479106,2.9032431693213376,0.559426808552829,0.03986256366336094,-1.1773407308941033
1726406932141958700,37.35295874023438,2.883155606981631,-0.8275651223182209,0.028442908382029727,2.8999519748270095,0.5592135754002276,0.04008960564324206,-1.1765615855202993
1726406932151956000,37.3629560546875,2.8807794207630426,-0.8277127842833142,0.029064996066287277,2.897030457726713,0.5589454726485308,0.040332560888867254,-1.1756703896775513
1726406932161952800,37.37295288085937,2.8789752617898987,-0.8279750504726264,0.029561104093008553,2.8948768554314537,0.5585126662320852,0.04058502087522139,-1.1744292248355273
1726406932171950800,37.38295092773438,2.8774130948060987,-0.8283709579289751,0.02990648379667721,2.893350823349516,0.5578798652836098,0.04095356174373214,-1.1727328980460472
1726406932181947600,37.39294775390625,2.8761100600441125,-0.8288983979923287,0.030068736550362046,2.8925393378950677,0.5570502309246542,0.04145406252504016,-1.1705964642315647
1726406932191945000,37.40294506835937,2.874943268192355,-0.8295245691067523,0.030087690661692555,2.892241221238195,0.5560699671411371,0.04207196820728093,-1.1681205542240387
1726406932201942800,37.41294287109375,2.8734676841839404,-0.8301742113708316,0.03012417328482726,2.891726232160021,0.5550441539088224,0.04277056325710378,-1.1655107314906212
1726406932211939800,37.42293994140625,2.871418440489541,-0.830782536266173,0.030297353449329236,2.890491016182282,0.5540667398365998,0.04350407863055016,-1.1629617400549932
1726406932221937700,37.432937744140624,2.8690232857266986,-0.8312937709629468,0.03067804232609253,2.8884710035289287,0.553227835679526,0.044141358551603206,-1.1606973531721212
1726406932231934700,37.442934814453125,2.866416785059976,-0.8316515082993129,0.03129699691993583,2.8856331991756594,0.552618562635433,0.04459775869630627,-1.1589431888735622
1726406932241931800,37.452931884765626,2.863372173308995,-0.8318302757472251,0.03218278036238609,2.8817424440780166,0.5522744816136549,0.044896331224189984,-1.1577629951476174
1726406932251929900,37.46292993164062,2.8600806053983026,-0.8318402783985996,0.033271004138439586,2.877078702284076,0.5521835014654123,0.045034169824708446,-1.1571475663292634
1726406932261926700,37.4729267578125,2.856692292988315,-0.8317517094803217,0.03413828368367744,2.8727964185866566,0.5522436304329968,0.04528253830591899,-1.1569166050042547
1726406932271924700,37.4829248046875,2.853679391534141,-0.8316271557394861,0.03432315575422526,2.870338778190541,0.552372954464214,0.04585172069848586,-1.1569706049040263
1726406932281921500,37.49292163085938,2.8513117876430663,-0.8314934946207678,0.03365582202969459,2.8703011616667102,0.5525359364488869,0.046797145697579236,-1.157271452808299
1726406932291918800,37.5029189453125,2.849394087350523,-0.8313575303197939,0.03238996010153977,2.871966014119409,0.5527119264847854,0.048011180553801804,-1.1577251103663562
1726406932301917000,37.5129169921875,2.8480317635818775,-0.8312521851161205,0.03085701357603406,2.8746456668219977,0.5528466573454096,0.04927623377572068,-1.1581654275836841
1726406932311913700,37.52291381835938,2.847185260253068,-0.8312252368640065,0.029407024104444505,2.8775273891697495,0.5528643651760489,0.05040674851231009,-1.158355114160307
1726406932321910500,37.53291064453125,2.847000736998602,-0.8313462771510811,0.028252133160905735,2.8802601154961898,0.552663216403202,0.05126990555754752,-1.1580235563768384
1726406932331908600,37.54290869140625,2.848018197047272,-0.8316964953796936,0.027498637040789333,2.8830015881394933,0.5521332442800715,0.05170663044957065,-1.1569250934704647
1726406932341906000,37.55290600585938,2.8505663628873465,-0.8323179037951237,0.027171542006545483,2.885930540787858,0.5512188828547431,0.051637919277392384,-1.15494446507795
1726406932351903700,37.56290380859375,2.85388940771867,-0.8331617980339008,0.02712027867122506,2.8888755835142637,0.5499749045101042,0.05131808072357946,-1.1521809005314292
1726406932361900800,37.57290087890625,2.857447910287838,-0.8341590490087014,0.02718036104803318,2.891820590728748,0.5484928338771643,0.05094542188299321,-1.1488439327655258
1726406932371897600,37.582897705078125,2.8611960151967586,-0.8352782745732109,0.02722592757740009,2.895003418805914,0.5468177194552586,0.050590696132409414,-1.1450606828177596
1726406932381895700,37.59289575195312,2.8653374667532208,-0.8365189290191528,0.027292669519208175,2.8984611076239726,0.544952858028387,0.05017444407434255,-1.1408496404441053
1726406932391892700,37.60289282226562,2.8708013445269422,-0.8379491873997352,0.02741700644103336,2.9027323460024776,0.5428101644393577,0.04946339588700204,-1.1360630166364334
1726406932401889800,37.612889892578124,2.8779332997723808,-0.8396052591317277,0.027716651810546312,2.90776265429643,0.5403349754667235,0.04829953823719925,-1.1305782899590213
1726406932411887600,37.6228876953125,2.886991060282757,-0.8414970909830933,0.028254639835446987,2.9135431922788313,0.5375091218683913,0.04656348861955174,-1.1243646306573745
1726406932421884700,37.632884765625,2.8976896165291146,-0.843556799695667,0.02892629624327977,2.9200623213451404,0.5344240071302165,0.04434151797013273,-1.1176377445332586
1726406932431882500,37.642882568359376,2.909228212130778,-0.8456388065681589,0.029762678721022506,2.926628907735401,0.5312877371631454,0.04174271879107107,-1.1108364417011325
1726406932441879800,37.6528798828125,2.920540531860164,-0.8475883982015232,0.030920715754950888,2.9321195739456414,0.5283235283705783,0.03888667767443774,-1.1044054012980848
1726406932451876600,37.66287670898438,2.9304362717542993,-0.8492932997526935,0.03254148300461944,2.9354354008399017,0.5256875612996914,0.03597834290707246,-1.0986281809532403
1726406932461874700,37.672874755859375,2.938143153341594,-0.8506616668334761,0.03456579707488563,2.936229510660897,0.5235212160214838,0.03325094873121505,-1.0938048271992062
1726406932471871500,37.68287158203125,2.9439353312920384,-0.8516549939920638,0.03666149597565922,2.935449940354278,0.5219090899213569,0.030833845433541902,-1.0901843009471404
1726406932481869800,37.692869873046874,2.948237160444526,-0.8523089493749251,0.038446987701179366,2.9342790962397434,0.520824478467461,0.028863690522518064,-1.0877569007111278
1726406932491867000,37.702866943359375,2.9514309033329456,-0.8527267306524411,0.039688626286332934,2.933559154565235,0.520125087477186,0.02742066671122097,-1.0862203517756681
1726406932501863700,37.71286376953125,2.954016608716906,-0.853041304994536,0.040324360685574885,2.9338155496191303,0.5196098809443349,0.026459383873080902,-1.0851286305958392
1726406932511861800,37.72286181640625,2.95668196237669,-0.8533413105705041,0.04051368781764431,2.935141338276864,0.5191387422580124,0.02573108169216753,-1.084179783143196
1726406932521858800,37.73285888671875,2.9600158704511017,-0.8536573231328158,0.04046313491642338,2.937425183508625,0.5186606806800186,0.024961669945803306,-1.0832755272455712
1726406932531856000,37.74285595703125,2.9638819465213504,-0.8539620967437743,0.04035302864568473,2.940151617917638,0.5182094569468938,0.02407122041957974,-1.0824710212672153
1726406932541853700,37.75285375976563,2.9678723751512077,-0.8542196929057398,0.040328449998608025,2.9427226006679983,0.5178318223591777,0.02307415175271987,-1.081839219481765
1726406932551850800,37.76285083007812,2.971728167068074,-0.8544046047966664,0.04041304139272898,2.9449170815128594,0.5175662017619397,0.022019922671075852,-1.081453834585631
1726406932561848600,37.7728486328125,2.975261980232221,-0.8545125528232129,0.040539274674634716,2.9467800757784888,0.5174205209246311,0.021000314526675966,-1.081325941825917
1726406932571846000,37.78284594726563,2.978647129992711,-0.8545543662498737,0.04055157367923792,2.9487822683769984,0.5173873671495635,0.020063633071757334,-1.0814579521559238
1726406932581842700,37.7928427734375,2.982100798294511,-0.8545607873427964,0.04038799446973354,2.9512142547957305,0.517422630669431,0.01919839330983101,-1.0817630518934398
1726406932591840800,37.8028408203125,2.985979730275472,-0.8545470829698508,0.04000157677668033,2.9544062526040977,0.5175064685469204,0.018339520376075343,-1.082215920264975
1726406932601837600,37.812837646484375,2.990326578268578,-0.8545308681851018,0.03940843605717087,2.9583573222183626,0.5176087396217688,0.01747341935008617,-1.0827445995042562
1726406932611835000,37.8228349609375,2.9948335820893277,-0.8545171309431799,0.03871454689709259,2.9626425335882693,0.5177115848178879,0.016625896553819058,-1.0832810486063067
1726406932621832700,37.832832763671874,2.999322434172957,-0.8545110737981096,0.03800818024042917,2.9669537713247687,0.5177998228523922,0.015796307583782587,-1.0837745821508238
1726406932631829800,37.842829833984375,3.0037340606007135,-0.85451750515348,0.03728814690121531,2.971260328128245,0.5178650780776335,0.015003000682716029,-1.0842023085570751
1726406932641827800,37.85282788085937,3.008441029785871,-0.8545221968420454,0.03638629251984721,2.976168050013292,0.5179431607404941,0.014237597931728184,-1.08467527224996
1726406932651824600,37.86282470703125,3.0132868509192323,-0.8544755599797215,0.035297265936764396,2.9815751419243255,0.5181144321770418,0.013531852145920873,-1.0853718276777378
1726406932661822000,37.872822021484374,3.018183814092055,-0.8543434857076766,0.034060811268756194,2.9873256813179405,0.518431474072135,0.012878495322093704,-1.0864076790997876
1726406932671819800,37.88281982421875,3.0231188926042627,-0.8541065556765427,0.0327310048781339,2.9932831484312907,0.5189225870705807,0.01224681381569558,-1.0878460023124925
1726406932681816800,37.89281689453125,3.0281460497204966,-0.8537355893713924,0.03137089641863413,2.999327764528228,0.5196318472320289,0.011580481473179353,-1.089790107123484
1726406932691813600,37.90281372070312,3.0333535167791115,-0.8532371634815608,0.03010706647054709,3.0052275946057945,0.5205416495805916,0.010786392809837786,-1.092198332446252
1726406932701811700,37.91281176757813,3.0387942545616866,-0.8526420289311439,0.02907997265318917,3.010704528924574,0.5215938794501791,0.009777754764608348,-1.0949318995917943
1726406932711808800,37.92280883789063,3.0442572165291755,-0.8519304055810596,0.028413596698295678,3.0153381117642932,0.5228137974487047,0.008534032126384842,-1.0980408246807214
1726406932721806800,37.932806884765625,3.0491318999229224,-0.8511305884360888,0.02821025938561079,3.018527141968615,0.5241465515168654,0.007163603567325222,-1.1013748659207216
1726406932731803600,37.9428037109375,3.0530471161889445,-0.8502728749427233,0.02835026480230421,3.0203283776470147,0.5255455794417213,0.005840736066532758,-1.1048195463658859
1726406932741800700,37.95280078125,3.0556899339429724,-0.84939717392611,0.02857895033202652,3.021149463098538,0.526957875184665,0.004806609984920377,-1.108248133916599
1726406932751798500,37.96279858398437,3.057181109099352,-0.8485430371643895,0.02873213386807812,3.0214525011160664,0.5283295535001077,0.004132645500976269,-1.111541909462488
1726406932761795800,37.9727958984375,3.0578184470503964,-0.8477144767659084,0.02892126149090791,3.0211541504882096,0.5296509947703995,0.003668369795264513,-1.1146880801951018
1726406932771792600,37.982792724609375,3.0581388327630235,-0.8468435564030892,0.029207548073010407,3.020418860814185,0.531029787861352,0.00321778983445506,-1.1179612868985325
1726406932781790700,37.99279077148437,3.058656135631845,-0.8458562236768985,0.02965756098946467,3.019386581367609,0.5325796119199232,0.0025887977673279203,-1.121649795510271
1726406932791787500,38.00278759765625,3.05944952037978,-0.8447413084340629,0.030197083014996157,3.0182789738407716,0.5343191441119327,0.0018047396671709065,-1.1258038646273407
1726406932801784800,38.012784912109375,3.0611016447501034,-0.843493850920475,0.030514088124746434,3.01820152395658,0.5362706216045066,0.0009135169098751156,-1.13050184655008
1726406932811783000,38.02278295898437,3.0640812778608937,-0.8420710338428009,0.03064613274597163,3.0193637325808775,0.5384951596272428,-0.0002267703635387537,-1.1359059918540624
1726406932821779700,38.03277978515625,3.067561960677503,-0.8405231519984233,0.030647233940598834,3.021143624632749,0.5409062258557907,-0.0014203495228655323,-1.1417802328698785
1726406932831777800,38.04277783203125,3.0706434854841027,-0.838974467361566,0.030555735514964457,3.022914361745862,0.5433068521688138,-0.0024380734815121997,-1.1476224159817001
1726406932841774600,38.05277465820313,3.07235648799668,-0.8375358696905727,0.030623626635092403,3.0234729142093535,0.5455142366753467,-0.003187329216198281,-1.152964026196396
1726406932851771100,38.062771240234376,3.071747022024085,-0.836260230348819,0.030969295807691314,3.021909861717798,0.5474461872087877,-0.0035178395703036663,-1.1575770509736925
1726406932861769200,38.072769287109374,3.0689069245040046,-0.8351779672218648,0.03156295444759196,3.0183405491712882,0.549062522649355,-0.00344251355955903,-1.161364502447377
1726406932871766000,38.08276611328125,3.0657361538439143,-0.8342963390107175,0.03229617739070189,3.014260004424858,0.5503592216799202,-0.0033500553228496145,-1.1643757992865762
1726406932881763300,38.092763427734376,3.06241044467634,-0.8337124435948283,0.03276169336507877,3.010788994577468,0.5512179838046787,-0.0029923039546768536,-1.1663251892526254
1726406932891761200,38.10276123046875,3.0580151278269296,-0.8334984232708175,0.0327874139144222,3.007767650338849,0.5515445498736535,-0.002017375643337038,-1.1669473537240056
1726406932901758200,38.11275830078125,3.0526604429059563,-0.8336091203955841,0.03269164358064165,3.004506397201226,0.5513861725044648,-0.0006613698024774069,-1.1663599443245727
1726406932911756000,38.12275610351563,3.0480171930529685,-0.8340147714608214,0.0321964656815405,3.0027699882011873,0.5508011401993614,0.0008616035499814607,-1.1647689158221979
1726406932921753000,38.13275317382813,3.0486230265975327,-0.8345169597651088,0.02979875405022925,3.0090530840687526,0.5501707163268352,0.0023991664054247752,-1.1632865459177697
1726406932931750100,38.14275024414062,3.057676249214246,-0.8352032669763615,0.024281861714048298,3.028358490559437,0.5493905331833427,0.003983817674530493,-1.1617789614020588
1726406932941748200,38.15274829101563,3.0719508535343882,-0.8363057430950785,0.016761459578390262,3.0559305261639316,0.5479775981040841,0.005672889800131704,-1.158900430189812
1726406932951745000,38.1627451171875,3.0868699398975212,-0.8376984272596811,0.009936327804544034,3.082223735192287,0.5460013927604372,0.006721845002316343,-1.1546052345806217
1726406932961742000,38.1727421875,3.0992375703747133,-0.8392335157835056,0.005854046730388217,3.1002104437302695,0.5437004303733757,0.006526756447038468,-1.149371025527445
1726406932971740200,38.182740234375,3.1097591852309354,-0.8406696352675951,0.005161130417648724,3.1088129780675677,0.5415050034940576,0.004507218507089013,-1.1442670200319045
1726406932981737200,38.1927373046875,3.119828863662651,-0.8418766895117538,0.0072986476118227644,3.110305952753135,0.5396200341618274,0.0007206638728987922,-1.1398636200907406
1726406932991735300,38.2027353515625,3.132041091942673,-0.842669649289927,0.010750865298201908,3.1099766113244196,0.5383049159639867,-0.004484996696601371,-1.1368721123880021
1726406933001732000,38.212732177734374,-3.1371984239441404,-0.8429957120702197,0.01431669367522878,3.11043225717844,0.537632371465519,-0.010229747079607417,-1.1354794935082952
1726406933011729200,38.222729248046875,-3.1233335050717272,-0.8428166124803755,0.01746792524501311,3.111797652014006,0.5376879190895049,-0.015707945806238525,-1.1358517374261197
1726406933021727000,38.23272705078125,-3.108975910208082,-0.8421392333110717,0.019709582843983782,3.1156546005917045,0.5385012903061434,-0.020723538664539073,-1.13801559765531
1726406933031724300,38.24272436523437,-3.095628317332775,-0.8414807767114897,0.021967309253004892,3.118858497250729,0.5392387892264201,-0.02547803553007785,-1.1400096315443407
1726406933041721000,38.25272119140625,-3.0838931741512847,-0.8411608392158236,0.024966623995000495,3.1192620221328697,0.5393576627698446,-0.030304394945530846,-1.1406057454599083
1726406933051719200,38.26271923828125,-3.0733507001503617,-0.8412625324741511,0.028821855062474422,3.1168241980005864,0.5386960862929422,-0.03539970132266042,-1.1394656808952688
1726406933061716000,38.27271606445313,-3.0646255175393406,-0.8418594420420753,0.033605406041401366,3.110945786546918,0.5371125187724588,-0.04066464991928934,-1.1362938580139845
1726406933071713300,38.28271337890625,-3.0571494504125645,-0.8427614298534134,0.03879507205463045,3.1032491505827506,0.5349224038604028,-0.045891971289720924,-1.1318141005205198
1726406933081711000,38.29271118164063,-3.050566630714763,-0.843845149770158,0.04428383986814442,3.094235114022995,0.532310397155325,-0.05108704513976508,-1.1264683859047555
1726406933091708200,38.30270825195313,-3.0455740264024094,-0.8451418659665151,0.050245889414395464,3.083061407538613,0.529202972533415,-0.05616844527179667,-1.120108348294803
1726406933101706000,38.3127060546875,-3.0417953179544845,-0.8465818967324471,0.05653355451429001,3.0703458724389336,0.525707319833573,-0.06111444038601389,-1.1129773642836773
1726406933111703000,38.322703125,-3.038732132398918,-0.848155450790003,0.0631688881713369,3.056368205096482,0.5218045294058136,-0.0660467377883064,-1.105050585533804
1726406933121700000,38.3327001953125,-3.036228524931413,-0.8497476622917357,0.06972168552530568,3.042268649884882,0.5177507127920447,-0.07072433996304499,-1.096856229045978
1726406933131698200,38.3426982421875,-3.032896508914137,-0.8511208415040835,0.0754295609015593,3.0307078532795155,0.5140715854457426,-0.07506071836818604,-1.0895045663901288
1726406933141695200,38.3526953125,-3.0263131516092376,-0.8521235549824406,0.07945709467663001,3.0250885235419656,0.511167104642532,-0.0792483221920122,-1.0838133792254245
1726406933151692000,38.362692138671875,-3.0163616226408605,-0.8527117167192598,0.08193319222553856,3.0251376833406063,0.5091239986464635,-0.08344087506379289,-1.0799731519715168
1726406933161690000,38.37269018554687,-3.0049234213586695,-0.852863654425817,0.08372000553158303,3.027702778286729,0.5078700336165528,-0.08764954075658461,-1.0778952500886367
1726406933171687200,38.38268725585937,-2.9948049813521758,-0.8528299793807976,0.08573069097678383,3.0289541846976933,0.5068861967093165,-0.0916381159558993,-1.0764686534652645
1726406933181684200,38.392684326171874,-2.986713855121271,-0.8528010886351659,0.08788740681521667,3.0286416900453395,0.5059156860313273,-0.09516055086585119,-1.0750579627465844
1726406933191682000,38.40268212890625,-2.9807766336801467,-0.8529655883625157,0.0897286397153456,3.0277550104114526,0.5047893592412646,-0.09790851948252881,-1.0731453097535848
1726406933201679000,38.41267919921875,-2.97833984253243,-0.8534843107021048,0.09186792023795093,3.024031535599352,0.5031401761024024,-0.09987321938294598,-1.0699880832228377
1726406933211677200,38.42267724609375,-2.977731338864481,-0.8540499984866678,0.09571756984178009,3.0151893794822007,0.5009642554000155,-0.10233129501468136,-1.066028646661808
1726406933221674200,38.43267431640625,-2.9734071768705577,-0.8543692595784026,0.10168881671111729,3.0035424037330802,0.49824879445800374,-0.10705510946938947,-1.061626589233061
1726406933231671000,38.44267114257813,-2.964757654271808,-0.8550522011707854,0.10658317790548008,2.996846254375387,0.4948740675788211,-0.11236247882027901,-1.0556856843497924
1726406933241669000,38.452669189453125,-2.9555521998659326,-0.8564422039355459,0.10905799652443685,2.995983621594451,0.49097151075571943,-0.11644725129346967,-1.0479000777789307
1726406933251666200,38.462666259765626,-2.949476686773249,-0.858298684410511,0.11043008184646105,2.9957756229057306,0.48678540198323794,-0.11903195448825764,-1.0390125844983438
1726406933261663200,38.47266333007813,-2.9462051293016245,-0.8603755889926624,0.1113555006549636,2.9949466767471495,0.48251179990557946,-0.12056615779242541,-1.0296799117403792
1726406933271661000,38.4826611328125,-2.9428709141383886,-0.8624358620776568,0.11126090947444563,2.996515017017625,0.47859051943186554,-0.1215588997712501,-1.0208580108460432
1726406933281658000,38.492658203125,-2.939025473899251,-0.8643802048000255,0.11055102663603525,2.999785957809878,0.4750237471439642,-0.12238340891313401,-1.0126937507598712
1726406933291656200,38.50265625,-2.935584356557369,-0.8661070803533422,0.10913710683312529,3.0044940855880475,0.4721100343197678,-0.12271759293962431,-1.0057835752247128
1726406933301653200,38.5126533203125,-2.931346917513022,-0.8675234168156977,0.10651137272611011,3.012504479597488,0.4701236430423469,-0.12264622487219265,-1.0006332709618282
1726406933311650000,38.522650146484374,-2.925764354906199,-0.8685818340220587,0.10312615582924496,3.0230653559305187,0.46893896541299795,-0.12258433832519829,-0.9971119108971124
1726406933321648000,38.53264819335938,-2.919089502377393,-0.8691137755704695,0.09944932699048907,3.0350192357712795,0.46872144961874984,-0.12268404699112127,-0.9957116134576366
1726406933331645200,38.54264526367187,-2.9107114085452213,-0.869078103633156,0.09523460108641957,3.0493197980664477,0.4695882708103074,-0.12296533389410329,-0.9966180059896391
1726406933341642200,38.55264233398437,-2.9009651423270055,-0.8686668412199064,0.08966349314763492,3.0676865784414895,0.4714722677256728,-0.12285082962534441,-0.9993786768861957
1726406933351640300,38.56264038085938,-2.8917384253730916,-0.86830696983094,0.08278832187355027,3.0888530042395925,0.4736574716984469,-0.12181034015772951,-1.0023328074537385
1726406933361637000,38.57263720703125,-2.882869116950624,-0.8681137473144459,0.0738594835290854,3.114597714437675,0.47607377615577356,-0.1194872933266996,-1.0051137087526376
1726406933371634200,38.58263427734375,-2.874086273390045,-0.86794002492123,0.06287973652881049,-3.13808146126071,0.4788384927583789,-0.1159315520474058,-1.008036074934713
1726406933381632000,38.592632080078126,-2.8649022177985444,-0.8674278917643367,0.050585073573139336,-3.1040884252005387,0.4822399760952835,-0.11159982453071503,-1.0120254841575411
1726406933391629300,38.60262939453125,-2.855972150526374,-0.8664182602047439,0.038706903096262256,-3.0708721803236227,0.4861400387652535,-0.10718744408959706,-1.0173136429960687
1726406933401626000,38.61262622070313,-2.8484973698555462,-0.8651801306407346,0.030179071758814874,-3.046064894249574,0.4896100472905407,-0.10408922369841288,-1.0226355185199993
1726406933411624200,38.622624267578125,-2.843490068816786,-0.8642432962273043,0.025900863323071087,-3.032687239976824,0.4917852395621757,-0.10276153915107114,-1.0262596963152784
1726406933421621000,38.63262109375,-2.8420883059374016,-0.8642116996081666,0.025371771766968535,-3.030676171527309,0.4918444139374084,-0.10287643622352237,-1.0261984869883134
1726406933431619000,38.642619140625,-2.843368747097644,-0.8652109619243513,0.028097652222821432,-3.038489947900755,0.48959233929029233,-0.10449875976232445,-1.0218478286992383
1726406933441616100,38.6526162109375,-2.844197549544292,-0.8669265253288118,0.0322372774005128,-3.049886212151664,0.4856670708637374,-0.10736180671484352,-1.0140850248228275
1726406933451613200,38.66261328125,-2.842176675755851,-0.8689730233107715,0.0359590779261552,-3.0590401429599683,0.4809100853379478,-0.11098741402158172,-1.0042837773930204
1726406933461611000,38.67261108398438,-2.839018261203961,-0.871276118128528,0.03831887926319212,-3.0646377256110457,0.47576041736580565,-0.11428789068866763,-0.9932341471619972
1726406933471608000,38.68260815429687,-2.8399728626903147,-0.8738693576620344,0.03999844449751109,-3.0709766631635755,0.47043021101966215,-0.11596487066283886,-0.9817410610879319
1726406933481605000,38.69260522460937,-2.848834382325114,-0.8766379450407286,0.04250656558401836,-3.083261820278969,0.465145466052715,-0.1154930684147137,-0.9708160625332595
1726406933491603200,38.70260327148438,-2.8576234266437406,-0.8788067036188161,0.04522438518280953,-3.0954322915188484,0.4609413052970981,-0.11483257802247021,-0.9623605085714341
1726406933501600000,38.71260009765625,-2.8609262146738987,-0.8798369549459623,0.04759694677296199,-3.1032425497093303,0.45859869069402437,-0.11536364604441104,-0.9578664406066609
1726406933511597000,38.72259716796875,-2.8603781919312685,-0.8801551049503173,0.04952675274576909,-3.1076467151522515,0.4574455636510642,-0.11669427563262406,-0.9558511445436494
1726406933521595100,38.73259521484375,-2.8608487114962626,-0.8804444049285264,0.05182632405226135,-3.1133836735082325,0.4563319752391392,-0.1178678675638616,-0.9540543942072851
1726406933531592200,38.74259228515625,-2.8636343172747294,-0.8808024610809305,0.05505308752196088,-3.1224352020090365,0.45502598888595636,-0.11877500045009823,-0.9521321365387995
1726406933541590300,38.75259033203125,-2.8670011653505094,-0.880818807028301,0.0596069100106579,-3.134616076877717,0.4540756301956761,-0.12008562891494275,-0.9514060506123995
1726406933551587000,38.762587158203125,-2.8693845796108626,-0.8802629795786814,0.06537975914228189,3.134384285693461,0.45378936432513245,-0.1222204821740944,-0.9525384350389725
1726406933561584000,38.772584228515626,-2.871179316081118,-0.8795523575824902,0.07149848702704444,3.1197380229702776,0.4535658259757736,-0.124714072892445,-0.9539443242982157
1726406933571582000,38.78258203125,-2.8737870746517307,-0.8791539690778172,0.07743762061030666,3.104891749014597,0.45274768298294266,-0.12693034657439753,-0.953987015521623
1726406933581579300,38.792579345703125,-2.8750865499860843,-0.8789132767461473,0.08363868814273703,3.0899655350402413,0.45130804134615093,-0.12975797433606545,-0.9527755022110489
1726406933591576000,38.802576171875,-2.8752203148535305,-0.8786159540412468,0.0914765491104732,3.0718051588031363,0.449173917849232,-0.1338239132868589,-0.9506376339203837
1726406933601574100,38.81257421875,-2.8755847492773703,-0.878071771801299,0.10172136966210096,3.04800486509618,0.44644730061412696,-0.1390242123119133,-0.948100294477971
1726406933611571200,38.8225712890625,-2.8773666121579407,-0.8773269780939409,0.11363509190453644,3.0196503965565538,0.44326602156824435,-0.1445672117947803,-0.9452345460740388
1726406933621568300,38.832568359375,-2.880445100304286,-0.8763707166326881,0.12596890120001447,2.9897076903795514,0.44006541450073694,-0.1498285652344382,-0.9425651979289734
1726406933631566000,38.84256616210938,-2.885643453590528,-0.8751119706732372,0.13761334264979383,2.960403072925576,0.43764562920415107,-0.15397336859136912,-0.9413531592038811
1726406933641563100,38.85256323242187,-2.891752543372827,-0.8734483699205723,0.14728225954571117,2.9353502527886364,0.436817111550839,-0.15680183074957746,-0.9428958403643041
1726406933651560200,38.86256030273437,-2.8955727530923068,-0.8714667953297441,0.15377959945693945,2.9188577870858468,0.4378024442220464,-0.15882877301335854,-0.947416196220098
1726406933661558300,38.87255834960938,-2.8964880310619305,-0.8695353919532137,0.15564315130211595,2.914589033246343,0.44072165194297813,-0.15952423744192293,-0.9546367302140409
1726406933671555000,38.88255517578125,-2.894918567308766,-0.8680055370506536,0.15181732979317897,2.924816892673532,0.4455466845990948,-0.15813320718825963,-0.964016857047479
1726406933681553200,38.89255322265625,-2.891516175531442,-0.8664198824733004,0.14452536545434608,2.9442194599175266,0.4519561124006481,-0.15544969384114823,-0.9757104680389249
1726406933691550200,38.90255029296875,-2.8870214281606006,-0.8645547176863433,0.13474152381894597,2.970287674534488,0.4597896342786456,-0.15160290415938024,-0.9897358400763522
1726406933701547300,38.91254736328125,-2.881428371609966,-0.862402947078208,0.12305304226367449,3.0017320663065896,0.4685912826642207,-0.1467701602057535,-1.0053509142745474
1726406933711545300,38.92254541015625,-2.875446437170353,-0.8599584065020559,0.11016652232779309,3.0365863281874983,0.4779654453649474,-0.14101044669883478,-1.021955945419001
1726406933721542100,38.932542236328125,-2.8686622045450845,-0.8571043126423037,0.09662969075185245,3.073887719127805,0.4877505460478002,-0.13466368461273187,-1.039460929259897
1726406933731539200,38.942539306640626,-2.8590398403893875,-0.8537592850087766,0.08348003460635632,3.1124202873220175,0.4975163671087632,-0.1288555664644285,-1.0572996344396566
1726406933741537000,38.952537109375,-2.8432555740881273,-0.8502450718746887,0.07124079900818206,-3.1304099882173952,0.5063704119469004,-0.12488776227554098,-1.0734927466239945
1726406933751534300,38.962534423828124,-2.817223234860933,-0.8467741128485894,0.05982397324820017,-3.0856628109994375,0.5138507460117027,-0.12390339312390292,-1.0866138846903406
1726406933761531100,38.97253125,-2.7788455064107143,-0.8434651979549989,0.049386104548392415,-3.0357253619704654,0.5196949584689489,-0.12666724889052214,-1.0955945561224263
1726406933771529200,38.982529296875,-2.7288130358701137,-0.8403177138848106,0.03976772334627125,-2.980811118081933,0.524005842464368,-0.1330512868274963,-1.1000831571368248
1726406933781526000,38.99252612304687,-2.6671804356327393,-0.8370251006864804,0.030224689014181672,-2.919291946093104,0.5273684557763209,-0.14268182529321788,-1.1005711744419475
1726406933791523300,39.0025234375,-2.592597701890231,-0.8331735815109262,0.019479280760378897,-2.8474825581287124,0.530415683332266,-0.15524682587351296,-1.0971365583162687
1726406933801521200,39.01252124023438,-2.5076386044903938,-0.8282278804385221,0.007018874911614718,-2.7655582752996795,0.534051783113273,-0.1696409057007544,-1.090838787260829
1726406933811518200,39.02251831054687,-2.4140388448917274,-0.8213501199683472,-0.006822429446843192,-2.6742447903655973,0.5395860984091451,-0.18489014525443637,-1.0840413736838799
1726406933821515000,39.03251489257813,-2.312375069613319,-0.8120863221328999,-0.020609751183613353,-2.5763255215641685,0.5474106979555694,-0.2010786859692259,-1.0775515013126848
1726406933831513000,39.04251318359375,-2.2078461218102783,-0.80109418469722,-0.03409370405802134,-2.476246839331146,0.5566171812029499,-0.21740084042722674,-1.0695442032456888
1726406933841510100,39.05251025390625,-2.107205119207344,-0.789369959026454,-0.0476136715294894,-2.3790670905569367,0.5659883144059572,-0.23299203958798945,-1.0579697084720732
1726406933851508200,39.06250830078125,-2.0190651465626357,-0.7780824884014452,-0.06001435439649732,-2.2938573675931524,0.5744266357695123,-0.24702207856845237,-1.0436632961330294
1726406933861505300,39.07250537109375,-1.942764579165889,-0.7674410526923126,-0.07097246556348487,-2.2214454907736236,0.5816386609504577,-0.2601799737056141,-1.0271253867329164
1726406933871502000,39.082502197265626,-1.877060671614871,-0.7574485165915752,-0.08020933453982586,-2.1608946196667276,0.5878951706849106,-0.272428615524983,-1.010124423380062
1726406933881500200,39.09250024414062,-1.833759395894294,-0.7503719138141952,-0.08455368931514325,-2.124022355950357,0.592399601398588,-0.2808119835553511,-1.0001511962305183
1726406933891497200,39.102497314453124,-1.811936323614639,-0.7467044931751536,-0.08263027513524958,-2.1109407805692246,0.5954001620508057,-0.28478627609087326,-1.001187528633704
1726406933901494300,39.112494384765625,-1.8015754498528616,-0.7448479994681366,-0.07562244068606287,-2.110830864776122,0.5985374521232839,-0.2850185833498653,-1.0132033744281739
1726406933911492000,39.1224921875,-1.7913569613953118,-0.7425609010241533,-0.06703769374947374,-2.1066940581362052,0.6042020350714228,-0.2811571157277718,-1.0345203149275728
1726406933921489200,39.1324892578125,-1.7729669518782576,-0.7383628175669689,-0.05944380318869028,-2.085382026559235,0.6140561109560609,-0.2724370725191283,-1.0642040480677284
1726406933931486200,39.142486328125,-1.7448794123949212,-0.7324293832517538,-0.05350188783417876,-2.0454807183098485,0.6272093551624884,-0.2594093245963723,-1.0995768590027066
1726406933941484300,39.152484375,-1.705908152305321,-0.7251054076488251,-0.04753465137248573,-1.9887565184230784,0.642849069246061,-0.24229669730047465,-1.141434726805426
1726406933951481300,39.1624814453125,-1.641806622923249,-0.7153220780554167,-0.03758934625417761,-1.9091205612357052,0.6612955902117498,-0.22268743417707898,-1.1926140221510861
1726406933961478100,39.17247802734375,-1.5371243167053998,-0.7029535310029779,-0.023023542205666814,-1.7951549464607928,0.6813745153785452,-0.20262063568318345,-1.2488429912827756
1726406933971476200,39.18247631835938,-1.3834719504936315,-0.6891815951773435,-0.0070497730747892335,-1.6367879166072243,0.7007890866092809,-0.18404815223225507,-1.2992112118202046
1726406933981473300,39.19247338867188,-1.2030666428535945,-0.6767806255423706,0.006117413022548494,-1.4506549722147213,0.7168973639359582,-0.1672985490615485,-1.3353544628357366
1726406933991471400,39.202471435546876,-1.0180126384032293,-0.6661584589658383,0.014923533924790594,-1.2569198231769763,0.7298717825581487,-0.15263500356733467,-1.3557955624280063
1726406934001468200,39.21246826171875,-0.8545538233393704,-0.6571266203844686,0.020638538322610932,-1.0859027252107,0.7400530706927685,-0.14170419494586875,-1.362895153283413
1726406934011465200,39.22246533203125,-0.729059138844928,-0.6501500398600383,0.0267073755620147,-0.9607974556697377,0.7470732058052828,-0.13591616734568357,-1.363929613149313
1726406934021463000,39.232463134765624,-0.633528451956122,-0.6456521823755662,0.03566575542077187,-0.8761890130940527,0.7508278517318276,-0.13460590553564383,-1.366228772569221
1726406934031460400,39.24246044921875,-0.5548708087006438,-0.642856464558014,0.04616867814229791,-0.813970959882301,0.7524711689737511,-0.13561419355435392,-1.3703819354513385
1726406934041457200,39.25245703125,-0.48575110184741976,-0.6407666910065446,0.05545335530518903,-0.7591664651950418,0.7534932202693517,-0.13634896079630873,-1.3742595210257487
1726406934051455200,39.26245532226562,-0.42449537865810133,-0.6390044128397548,0.06200671763212004,-0.7058470908437697,0.7546579214396922,-0.13535146950111307,-1.376816760636738
1726406934061452000,39.2724521484375,-0.37484197038302286,-0.6374937623044523,0.06623438754299026,-0.6597278888511475,0.7558881540332262,-0.1335962676901357,-1.3778592139080816
1726406934071449300,39.282449462890625,-0.33162683604191245,-0.6359928652055454,0.06944510727582659,-0.6185159360311553,0.7571819740347757,-0.13178018728778715,-1.3777671560552631
1726406934081447200,39.292447265625,-0.28785535491847664,-0.6342354381885201,0.07192370697274587,-0.5747187880254162,0.7588553242520224,-0.12927123140666302,-1.3764867184427547
1726406934091444200,39.3024443359375,-0.26668346009789806,-0.630879465031475,0.06950540973897049,-0.5456002033258908,0.7624084772428974,-0.12606966253904614,-1.3679679742086954
1726406934101441000,39.31244091796875,-0.2596492288983455,-0.6252648815619704,0.0641287366571126,-0.5271647592858458,0.7679311482753114,-0.12334139291215893,-1.3519115279462512
1726406934111439000,39.32243920898438,-0.24211672809358417,-0.6189585424359935,0.06311918393224177,-0.5091971797479847,0.7730202427060227,-0.12387889151623831,-1.3360493912541935
1726406934121436200,39.33243627929688,-0.23535228137967718,-0.6114014818434998,0.063402984182041,-0.5099769983153789,0.7782196510876062,-0.12861751805300833,-1.3168110816166425
1726406934131433200,39.34243310546875,-0.24322654817702669,-0.6030330276559673,0.06264228976496478,-0.5276491340391228,0.7835571719986386,-0.13588670582925474,-1.2944041229057517
1726406934141431300,39.35243139648438,-0.2660362637560281,-0.5948411500481916,0.059510381284531136,-0.5584783056415873,0.7885565711079565,-0.14422554708415541,-1.2706648603118396
1726406934151428000,39.362427978515626,-0.30142113175188323,-0.5869864616461928,0.05290736564072532,-0.5966675988540071,0.7933691850891351,-0.15235843254013126,-1.2453737460679977
1726406934161425200,39.37242504882813,-0.34236476516939435,-0.5799702442078759,0.04379421306713551,-0.6355427011845276,0.7976476613182528,-0.15960837091538124,-1.2203036581698858
1726406934171423200,39.38242333984375,-0.3904671275107141,-0.57456049280258,0.03368227695728273,-0.6814836409124791,0.8003670191220758,-0.16780498276795586,-1.197204969476384
1726406934181420300,39.392420166015626,-0.44933852645811106,-0.5703019367133403,0.021386340142380767,-0.737171814293981,0.8017541247288261,-0.1774500798880229,-1.1734053919197835
1726406934191418000,39.40241821289062,-0.517199784919609,-0.5657048902189656,0.004530431071756081,-0.7958181034064026,0.8030210843779222,-0.18738878362283035,-1.1438724974640262
1726406934201415400,39.41241552734375,-0.5850638855088405,-0.5604271017076502,-0.015414517806292377,-0.8501616344193224,0.8041968974595533,-0.19736068278458072,-1.109111012737412
1726406934211412200,39.422412109375,-0.6465375540463135,-0.5542460824742571,-0.03660661200468425,-0.8967183467333756,0.8052276680123751,-0.20755630942876516,-1.0704004390191428
1726406934221410300,39.43241040039062,-0.6955798184057889,-0.5470661231733319,-0.05661771093975794,-0.9328766921317039,0.8062346027596345,-0.21794244087535336,-1.030290431738535
1726406934231407000,39.44240698242187,-0.7272747226805785,-0.5389198238392178,-0.07379605342517635,-0.9530036608811855,0.807981683988014,-0.22646217705294125,-0.9926016813900422
1726406934241404400,39.452404296875,-0.739766363779118,-0.5300130213417583,-0.08756652576672054,-0.951295001734155,0.8114965173294588,-0.22998180068518767,-0.9612887773808475
1726406934251402200,39.46240234375,-0.7362872199867404,-0.5209412579989909,-0.09819978882321771,-0.9281706765944187,0.8169865001076124,-0.22695820450068235,-0.9384271516245942
1726406934261399300,39.4723994140625,-0.7251441861522329,-0.5120549666036879,-0.10688498643902536,-0.8940056897685873,0.8234169883271595,-0.21990857902389077,-0.9210869827360081
1726406934271396000,39.48239599609375,-0.7123153543587951,-0.5037325065127202,-0.11390674413740053,-0.8596830497660157,0.8295755741522385,-0.21232818957430544,-0.9065751738461247
1726406934281394200,39.49239428710938,-0.6967435180868012,-0.4959470717495258,-0.11908141282958132,-0.824177278680242,0.8355983480202125,-0.20403832303636718,-0.8950346647606532
1726406934291391200,39.50239111328125,-0.6761957536357717,-0.4887658965202691,-0.12220108447821713,-0.7835066491963074,0.8418250529662044,-0.193663125618008,-0.8876319096208352
1726406934301388300,39.51238818359375,-0.6502368525269934,-0.48243172520599076,-0.12325264384460556,-0.7365349898115434,0.8481833234510167,-0.18070309300915993,-0.8848765791673606
1726406934311386000,39.52238623046875,-0.6187179734796211,-0.47685583508926127,-0.12237231420776468,-0.6832699798692565,0.8545697409742945,-0.1653603412578513,-0.8859908146674744
1726406934321383200,39.532383056640626,-0.5829837163905125,-0.47190226016432574,-0.11996558678876204,-0.6259411990510242,0.8607187215984111,-0.14859300740393827,-0.8894066125179112
1726406934331380200,39.54238012695313,-0.5460483742595829,-0.4674448179556728,-0.11666858851609543,-0.569092070386363,0.8662852420984093,-0.13203630525000631,-0.8931844190741851
1726406934341378300,39.55237841796875,-0.5106746408235827,-0.46335216716360483,-0.11331392587416421,-0.515294476986946,0.8711581302133236,-0.11639654117016626,-0.8961490479663774
1726406934351375400,39.562375244140625,-0.4772412566465667,-0.4593177012298848,-0.11029925179169288,-0.46397758721810434,0.8755398418969086,-0.1014465686375814,-0.8977445910583501
1726406934361372200,39.5723720703125,-0.44374746675323296,-0.4547483553513857,-0.10691079577992917,-0.41496769859107185,0.8798192887382491,-0.0877052011428706,-0.8969694309736558
1726406934371370200,39.582370361328124,-0.40846657015748244,-0.45010705346103025,-0.10102164830600235,-0.37364766450960357,0.8838247144927872,-0.07779628376444278,-0.8945272155231772
1726406934381367300,39.5923671875,-0.3673006706532434,-0.44524960350970716,-0.09060363710080682,-0.3408973354700299,0.8878143807727877,-0.0730039517701483,-0.8904726541975112
1726406934391364400,39.6023642578125,-0.3209036797108426,-0.43971348105786545,-0.07617015040970472,-0.3160163719023751,0.8919267462408265,-0.07291607566307878,-0.8839922109046072
1726406934401362200,39.61236206054687,-0.27358538886183525,-0.4330558940853237,-0.06055304149431105,-0.29499858335528706,0.896215905827317,-0.07478556506369795,-0.8744115487020866
1726406934411359200,39.62235913085937,-0.23080921292785853,-0.4257812053949038,-0.046276181588451995,-0.2769312572578773,0.9003670397482199,-0.076863938557502,-0.8627052402999141
1726406934421357000,39.63235717773438,-0.19486328419640914,-0.4195500911437419,-0.03426369727244606,-0.26101924135883525,0.9037210729505982,-0.07805080451368451,-0.8525545300111412
1726406934431354400,39.64235424804688,-0.1653778436320501,-0.41537293094790206,-0.024758730283091862,-0.24490419761869966,0.906020176408345,-0.07732922502742506,-0.846315141290079
1726406934441351200,39.65235107421875,-0.14378684736093986,-0.41293427487992435,-0.01868391377198155,-0.2280369228082324,0.9075293267828085,-0.07434142419768328,-0.8431199626708815
1726406934451349200,39.66234936523438,-0.12983856732212617,-0.41122298901410126,-0.015728784982681127,-0.21237850971699118,0.9086889139235682,-0.07023246787165814,-0.8407420410969797
1726406934461346000,39.672345947265626,-0.12399923332705264,-0.40945241299339236,-0.014989650588822446,-0.20401991844069184,0.9096854996964688,-0.06779698347438727,-0.8374121572367951
1726406934471343400,39.68234326171875,-0.13076092830145003,-0.4075743303852508,-0.016992508174194985,-0.2106829911507728,0.9103506669180483,-0.06968619557655444,-0.8326286629553933
1726406934481341200,39.692341064453124,-0.14862197645151384,-0.4059132973069582,-0.021388965185587236,-0.23079426143278764,0.9105359340823219,-0.07550723156017136,-0.8270942577282203
1726406934491338200,39.702338134765625,-0.1751102536968956,-0.4043949340001442,-0.028187569805234312,-0.2590543505885145,0.9103375051035432,-0.08340200464652368,-0.8206218842367409
1726406934501335000,39.7123349609375,-0.21057365837804323,-0.4025164867009041,-0.038202840733542846,-0.2930166473729703,0.9099424505141741,-0.09233502382176194,-0.8117297587175671
1726406934511333000,39.7223330078125,-0.2544386811079258,-0.39977137951723163,-0.051558394695296085,-0.33190207684973905,0.9094289026161887,-0.10229132511045734,-0.7988857508946763
1726406934521330200,39.732330078125,-0.30337016082279805,-0.396043244062189,-0.06730337649382138,-0.37371593045853535,0.9087367032911026,-0.11321518163512469,-0.7818008629445324
1726406934531327200,39.7423271484375,-0.35439852916781367,-0.39138407801964215,-0.08448676748102443,-0.41703542436710656,0.9077492955761356,-0.12518691270890803,-0.7606659088903757
1726406934541325300,39.7523251953125,-0.40573220055055675,-0.385809909323734,-0.10260311322063598,-0.4608308500338247,0.906377994621057,-0.1382110244547922,-0.7355802109358368
1726406934551322000,39.76232202148437,-0.45560927473739404,-0.37942822232735346,-0.12120076003860376,-0.5033517943641415,0.9045904239974916,-0.15185772597735517,-0.7071157129920852
1726406934561319200,39.772319091796874,-0.5029734218292017,-0.3721995818291544,-0.14030386258406655,-0.5417027074858648,0.9025298141298737,-0.16499162785677338,-0.6758292633488356
1726406934571317200,39.78231713867188,-0.5481210846970304,-0.36348871847380854,-0.16090870679272914,-0.5715551964265325,0.9006145179631763,-0.1757209525257465,-0.6412235164734376
1726406934581314300,39.79231420898437,-0.5905314234867309,-0.3523397544501542,-0.1831388119795499,-0.5917298736937784,0.8991673575838853,-0.1838887464460645,-0.6019738715312597
1726406934591311000,39.80231103515625,-0.6295694145362499,-0.33873477483783104,-0.20592900917127865,-0.6061582836121356,0.8978852049211038,-0.19145301329121509,-0.5579384678720358
1726406934601309200,39.81230908203125,-0.667379999702289,-0.3236783954869657,-0.2291705432286969,-0.6195423647454473,0.8959442419774256,-0.19999305144619448,-0.5101756728843863
1726406934611306200,39.82230615234375,-0.7048123981954125,-0.3077894441858627,-0.2524984420892896,-0.6364471169328282,0.8926363569966792,-0.21144873016928364,-0.458615554948983
1726406934621303300,39.83230322265625,-0.7413139991548863,-0.2911569464715034,-0.27557263163506607,-0.6584815249104563,0.887628101745871,-0.22672385707469767,-0.40271805535440874
1726406934631301000,39.842301025390626,-0.7760022974612631,-0.27355632975580685,-0.2983790520092595,-0.6835448632601833,0.8809810434496621,-0.2449682234837697,-0.34246408931967387
1726406934641298200,39.85229809570313,-0.8074204718853323,-0.25450138815234263,-0.3207490518998541,-0.707099159830781,0.8732600727166573,-0.2641323022777824,-0.2786431956442459
1726406934651296300,39.862296142578124,-0.8348591502233668,-0.23317216270391827,-0.3428595028337063,-0.7220609017999254,0.8655720718809654,-0.2808254964607685,-0.2126871335481647
1726406934661293300,39.872293212890625,-0.8582712741007197,-0.20885277303622007,-0.36471701990721506,-0.7216495776296481,0.8592484744499174,-0.2916404178783957,-0.14670609031683313
1726406934671290000,39.8822900390625,-0.8773559576094745,-0.1813848065518595,-0.3854939973120613,-0.7030902366250833,0.8552813606827292,-0.29493702717832204,-0.08297235104799093
1726406934681288200,39.8922880859375,-0.8917959873671848,-0.15047525879841528,-0.4042614980488457,-0.6660818846680394,0.8541660205289119,-0.2903968193347739,-0.022271040590252783
1726406934691285200,39.90228515625,-0.9025139018515698,-0.11594703240371583,-0.4206435911809367,-0.6128151966002253,0.8554563432892872,-0.27894404524702615,0.036304775797701534
1726406934701282300,39.9122822265625,-0.9091875895985942,-0.07806296315492546,-0.4336876411812811,-0.5491974089547746,0.8581851887810946,-0.26332375679705117,0.09455640080840957
1726406934711280400,39.9222802734375,-0.91181337252214,-0.03756885970649165,-0.4428167465301018,-0.482728350612408,0.8610996174588963,-0.24700050307882213,0.15466677125760178
1726406934721277200,39.93227709960937,-0.9120844020009435,0.002965817097214777,-0.44834003465710337,-0.42048937307169243,0.8630736229401027,-0.232564602687949,0.21531532326163377
1726406934731274200,39.94227416992187,-0.9119188203555196,0.04015623054965875,-0.45127368763359504,-0.36955193908390344,0.8632907360783676,-0.2224154237690638,0.2734693264238733
1726406934741272300,39.95227221679688,-0.9114499470317077,0.07094424795671125,-0.45247526961210205,-0.3351592238031226,0.8617869309580489,-0.21807416071614824,0.32533262526640283
1726406934751269400,39.96226928710937,-0.9113153224525783,0.09455759570469498,-0.45313962920696554,-0.31643864404053434,0.8589765927261915,-0.21882100546000816,0.3690809900836952
1726406934761266200,39.97226611328125,-0.9127149565697653,0.11215315451591122,-0.45420736211319995,-0.30723855635951736,0.8554613700572418,-0.2220432051289872,0.4045364839978461
1726406934771264300,39.98226416015625,-0.9172307611337449,0.1256444393922856,-0.4563018005313373,-0.3001226439769631,0.8517236156913102,-0.22487574587250286,0.4326202519199773
1726406934781261300,39.99226123046875,-0.9244585617088503,0.13699357724503794,-0.4590683110447933,-0.2900502109650423,0.848301064001683,-0.22555361429323395,0.4550560138824078
1726406934791258400,40.00225830078125,-0.9324443458959425,0.1477852797205001,-0.46156862099698975,-0.2749669176140959,0.8456700288916933,-0.22350883786038364,0.4738152036764821
1726406934801256200,40.012256103515625,-0.9403568658553448,0.1581742491207758,-0.4634634011333187,-0.2552502755896955,0.8439569068167626,-0.21890489897601886,0.4891699186436832
1726406934811253200,40.022253173828126,-0.9479586104081748,0.16639774433690777,-0.4649690503162274,-0.23458553572649624,0.8431056108700179,-0.21281103472469776,0.49892610771886703
1726406934821250300,40.03225024414063,-0.9550699259122262,0.17054415803988718,-0.4665069532575105,-0.2174470845498458,0.8429680507360574,-0.20661753293961377,0.5010008017193114
1726406934831248400,40.042248291015625,-0.9620103013769795,0.17018408018535586,-0.4684342909886529,-0.2049424081316295,0.8434051209429927,-0.20068499759180386,0.4950591704462108
1726406934841245200,40.0522451171875,-0.9695059869188686,0.16690605237799322,-0.4708970359910775,-0.19488409050794037,0.8441007390241697,-0.19465915734273143,0.4837474390924961
1726406934851242200,40.0622421875,-0.9777519891376685,0.16269388471255128,-0.47377281157974244,-0.18525039676211807,0.8447290142305546,-0.1884224350436079,0.470580027552856
1726406934861240300,40.072240234375,-0.9855827919068613,0.1588171478378199,-0.47653441611587144,-0.17610258873589169,0.8452164478047104,-0.18248655586619142,0.45826409828073605
1726406934871237400,40.0822373046875,-0.991475708445541,0.15607839922713002,-0.4785921243046935,-0.16870337466795413,0.845566516088943,-0.17778213041509247,0.44906074336910895
1726406934881234400,40.092234375,-0.9945213501108113,0.1547204840085005,-0.47962919562383916,-0.16440886328229676,0.8457866665201651,-0.1751068412956047,0.44415359464559767
1726406934891232300,40.10223217773437,-0.9951736055936257,0.15467723283818657,-0.4798253089077168,-0.16324001793051665,0.8458036240682464,-0.1745245850319073,0.44353573050468537
1726406934901229300,40.11222924804687,-0.9951921677208779,0.15601351045520595,-0.4797146096076866,-0.16229885776300015,0.8455835222314578,-0.17470584587204976,0.4461136446127128
1726406934911226400,40.122226318359374,-0.9964374811979899,0.15869252257865912,-0.4798443038955029,-0.15825412819407236,0.845148763365417,-0.17403936293432387,0.4503283498626141
1726406934921224400,40.13222436523437,-0.999668403200871,0.162299454453684,-0.48043625148171776,-0.1497174230866366,0.8446156748520379,-0.17165157638539197,0.4545929122510531
1726406934931221200,40.14222119140625,-1.0046280785963662,0.16623252940687114,-0.4814189492814468,-0.1370616315401898,0.8441433068338378,-0.16740524395065007,0.4576400877489221
1726406934941219300,40.15221923828125,-1.0109010164770602,0.16974658830735428,-0.48280217882741716,-0.12238646014202478,0.8437081136868698,-0.16200194487885647,0.45878930052560557
1726406934951216400,40.16221630859375,-1.0199156699985354,0.173062056015145,-0.485232874977945,-0.10657432029700853,0.8427302616086056,-0.1562188683794582,0.45927050685080056
1726406934961213400,40.17221337890625,-1.0324574062788332,0.1752443881923685,-0.4894519494153254,-0.09464051367283365,0.8405318593048959,-0.15242166530385168,0.4598382284016635
1726406934971211500,40.18221142578125,-1.0483008945734855,0.17471450219847667,-0.4958827901833037,-0.0923136591380097,0.83677916657442,-0.15289139134178695,0.46008841592810057
1726406934981208300,40.192208251953126,-1.0661815192034525,0.1714751290426467,-0.5040523288174004,-0.10081742368693458,0.8315757195708794,-0.1581433731823807,0.4607434771056397
1726406934991205400,40.20220532226563,-1.0846721342095473,0.16798781096785725,-0.5125124084340767,-0.11075756273922048,0.8259356976383923,-0.16413814625461304,0.4620006815842442
1726406935001203200,40.212203125,-1.1050193443985499,0.16870965720580422,-0.5203919785275819,-0.106118424214966,0.8207435301766567,-0.16464941773052869,0.46486171134078424
1726406935011200500,40.222200439453125,-1.1251269678525275,0.17117426821035434,-0.5275343226937765,-0.09457303100997272,0.8161301332214652,-0.16229103880724635,0.4674699692318521
1726406935021197300,40.232197265625,-1.1423511168259,0.17188183731556472,-0.5339132578190237,-0.08746335059197267,0.8120777703607449,-0.16100653848785246,0.46798615669935084
1726406935031195400,40.2421953125,-1.1566788563222934,0.17093935277692993,-0.5395777558611856,-0.08537835558780668,0.8084924392632012,-0.16116943021622263,0.4671385173339395
1726406935041192200,40.25219213867187,-1.1690898956748697,0.16903524057386332,-0.5447225403006984,-0.08604490899755307,0.8052643761982843,-0.1620300412697346,0.4653761117158148
1726406935051189500,40.262189453125,-1.1808161303366815,0.1665135437408502,-0.5496849230911964,-0.08741033540862421,0.8022601380737756,-0.1627836647969424,0.4624407356345656
1726406935061187300,40.27218725585937,-1.1933721954499956,0.16293463911851988,-0.5551308746301905,-0.08997004877766222,0.7990677477396048,-0.16362393978083456,0.4578906493649916
1726406935071184400,40.28218432617187,-1.2089036864759528,0.15747659333249503,-0.5620915114891172,-0.09623100872430515,0.7948495120077584,-0.16573640980022838,0.451880933627614
1726406935081181200,40.29218115234375,-1.2279129291725426,0.15115698853776527,-0.5704033579454904,-0.10198196360590471,0.789797920084688,-0.16736453105841131,0.44415778041341536
1726406935091179300,40.30217919921875,-1.2505465182426514,0.143618239900999,-0.580057906020747,-0.10543373801684539,0.7841981656977244,-0.16715216030244137,0.4325267349330622
1726406935101176300,40.31217626953125,-1.274949490376661,0.13471268956781796,-0.5903699291658702,-0.10711284912026611,0.7785297012197838,-0.16494651018697828,0.4164479817614028
1726406935111173400,40.32217333984375,-1.2996189264763973,0.1253392356931387,-0.6006569521260952,-0.10647222546324746,0.7730825531149722,-0.1607627480554432,0.39729090779317294
1726406935121171200,40.332171142578126,-1.3252698473866085,0.11539545492030644,-0.61126865299497,-0.10534957500704181,0.767337469151695,-0.15565279251309913,0.3761967572704237
1726406935131168300,40.34216821289063,-1.3510280062120248,0.10482664183799921,-0.621931161528208,-0.10627926325408214,0.7611935556422,-0.15098818378201836,0.35479190854201026
1726406935141165300,40.35216528320313,-1.3756484290237747,0.09457003428758119,-0.6320490204156222,-0.10867496312226826,0.754954559720317,-0.14701723329835337,0.3348593695510794
1726406935151163400,40.362163330078126,-1.3990131825688177,0.08551396933725355,-0.6414737391909123,-0.1109396078614479,0.7487363547451525,-0.143501632562281,0.31746568664260655
1726406935161160400,40.37216040039063,-1.4208168060165172,0.07780994332397179,-0.6501100351711561,-0.1132071055240043,0.7426335728634688,-0.14070518744527924,0.3031376526655227
1726406935171157200,40.3821572265625,-1.4408091627896324,0.07143769202194873,-0.6579029861833596,-0.11605946345574629,0.7366981442781865,-0.13905493199500213,0.29237301015441525
1726406935181155300,40.3921552734375,-1.4588793146726917,0.06709969290534397,-0.6647700497571225,-0.11785749611920147,0.7310862229290482,-0.1381715803517742,0.28568627702949007
1726406935191152400,40.40215234375,-1.4753644283429421,0.06522994309462339,-0.6708269362852262,-0.11807831680895106,0.7256948199389975,-0.1382152270834051,0.28390979687080614
1726406935201149400,40.4121494140625,-1.49003476761154,0.06585033871335398,-0.6760011774966213,-0.11666760693980274,0.7206250551539289,-0.1392327501322393,0.2870767428118054
1726406935211147300,40.42214721679687,-1.5022648933076315,0.06844998936856354,-0.6801054705218974,-0.11377767490800718,0.7161901250960169,-0.1408647379877529,0.2938634098944252
1726406935221144300,40.432144287109374,-1.5121670433684389,0.07233087907162951,-0.6832319313530335,-0.11015739156215124,0.7123975476353324,-0.14301083651710722,0.3030952816753021
1726406935231141400,40.442141357421875,-1.5201833948459333,0.07677270192283887,-0.6855985465636825,-0.10675898030465902,0.7091079662948434,-0.14569299339941882,0.3137776962422799
1726406935241139500,40.45213940429687,-1.5267809582036478,0.0812667858785151,-0.6874204029360345,-0.10400305672394176,0.7062003974019186,-0.14876092909718983,0.32499481112150386
1726406935251136300,40.46213623046875,-1.532176207582619,0.0857655264097224,-0.6887818607350032,-0.10152191808701952,0.7036621528798291,-0.15193216623124983,0.33629949693594563
1726406935261133300,40.47213330078125,-1.5367206167545575,0.09029563125492363,-0.6898036033613718,-0.09873527247042534,0.7014512388330105,-0.15486682808425536,0.34726926786892953
1726406935271131400,40.48213134765625,-1.5410467074890193,0.0948803181471039,-0.6907006514503851,-0.09541601918833295,0.6993739938056075,-0.15750015538403087,0.35787490954302187
1726406935281128400,40.49212841796875,-1.5450061403304614,0.09948118480788161,-0.6914277309081107,-0.09142690802188307,0.6975194429101443,-0.1596805062672639,0.36783401844106295
1726406935291125200,40.50212524414062,-1.5490536896681792,0.10414020840904765,-0.6921333780284475,-0.0866210200867622,0.6957410636039565,-0.16140214579033094,0.37721517233930246
1726406935301123300,40.51212329101563,-1.5539510153255789,0.10884253794317722,-0.6930741338436122,-0.08117739878856793,0.6937389114995364,-0.16287399155207707,0.38632207891278175
1726406935311120400,40.52212036132813,-1.5601769025185175,0.11353156815797685,-0.6944136294009697,-0.07521596114704951,0.6913320616144216,-0.16419595837805023,0.3952249952687392
1726406935321117400,40.53211743164063,-1.5678136626242964,0.11821072046978529,-0.6961715806283175,-0.06863657419666513,0.6885047195548732,-0.16532585681588702,0.4038566028833187
1726406935331115300,40.542115234375,-1.5763588081120186,0.12298533652988804,-0.6981568698569464,-0.06112244244997449,0.6854678026610389,-0.16608882845040476,0.4120811069761625
1726406935341112300,40.5521123046875,-1.5821588851555506,0.12789433903084277,-0.6991644964369006,-0.0533058028082081,0.6834571370842106,-0.1664284632243403,0.41976114215450255
1726406935351109400,40.562109375,-1.5873511505574547,0.13216016607546852,-0.7000498571477748,-0.04636571165657157,0.6816768493843782,-0.1666754182383637,0.4263422555077202
1726406935361107500,40.572107421875,-1.5920859698044478,0.13558100260421896,-0.7009177674259826,-0.04063397489970825,0.6800645144885993,-0.16686638266270246,0.43160249785563537
1726406935371104300,40.582104248046875,-1.5966158656300353,0.13833435717442027,-0.7018305675994922,-0.035677731610595106,0.6785568171791401,-0.16690768528838776,0.4356692979861933
1726406935381101300,40.592101318359376,-1.6012473737105712,0.1407864683555834,-0.7028227799215325,-0.030680510257660238,0.677088898470633,-0.16664345987300036,0.43884207922153423
1726406935391099400,40.60209936523437,-1.6068121932171409,0.1435247474574816,-0.7040432784733739,-0.024324116136099548,0.6754310558006067,-0.16588144680999672,0.44167859812734217
1726406935401096400,40.612096435546874,-1.6134752762946547,0.14733188057191962,-0.7053726229496003,-0.01496029433594508,0.6736075480868754,-0.16430327462660838,0.4448004959134944
1726406935411093200,40.62209326171875,-1.6206062725991524,0.15205289929210308,-0.7066303976557327,-0.0022298314900393358,0.6719402898710262,-0.16139898076984538,0.4471969056281952
1726406935421091300,40.63209130859375,-1.6279250532995082,0.15730137193750782,-0.70779890367198,0.012850995546506348,0.6704421048353728,-0.1574310575196065,0.44868601572526723
1726406935431088400,40.64208837890625,-1.635235811176753,0.16263304765094438,-0.7089086876625553,0.028870472751700838,0.6690464404234328,-0.1528916492206567,0.4493615555638566
1726406935441085400,40.65208544921875,-1.6419210551689951,0.16714196651869445,-0.7099850747538299,0.04362722655605413,0.6678325849539752,-0.1482708758306762,0.44869038324228655
1726406935451083500,40.66208349609375,-1.6473554939378814,0.17009284651867307,-0.7110306134959983,0.055254094085049936,0.6669097652530533,-0.14399716016606628,0.4463166608406689
1726406935461080300,40.67208032226562,-1.6514659010695107,0.17178767943925885,-0.7119626712571495,0.063907439994436,0.6662755418662133,-0.14026742950055515,0.44299380914976855
1726406935471077400,40.68207739257812,-1.6546220325131715,0.17279388848942048,-0.7127585260181418,0.07041661690868069,0.6658099034753142,-0.13716635420987222,0.439656592361066
1726406935481075200,40.6920751953125,-1.6568010769259156,0.17346505029922954,-0.7133188410012086,0.07518469592846497,0.6655199919265009,-0.13479349887228043,0.4369636934981738
1726406935491072500,40.70207250976563,-1.6578213064984293,0.17400365971951434,-0.7135341352495215,0.07857665824577718,0.6654925498404104,-0.13308449254790305,0.43511747717283683
1726406935501069300,40.7120693359375,-1.6576252913863698,0.17471838200170972,-0.7133087307878331,0.08135422980924051,0.6657980700957898,-0.1318219962757776,0.4342320924137357
1726406935511067400,40.7220673828125,-1.6565604777045428,0.17594036182151554,-0.7126713947725383,0.08463017571479589,0.6663953828508284,-0.13062012180919869,0.4341838711937627
1726406935521064200,40.732064208984376,-1.655129207797664,0.17735712276779264,-0.7118661311468724,0.08836287839834796,0.6671485031036432,-0.12924310974885467,0.43416681312648076
1726406935531061500,40.7420615234375,-1.6548378112770865,0.17801007358327506,-0.7116252069844687,0.0912263886530684,0.6675031642688123,-0.12783465579794656,0.43298841252245684
1726406935541059300,40.752059326171874,-1.6557767078282777,0.17768650916959264,-0.712027109654351,0.0921622787947118,0.6673306766202963,-0.12694304700845083,0.4311601942730205
1726406935551056400,40.762056396484375,-1.65749490081501,0.17726760724011617,-0.7126966059884751,0.09268873829454546,0.6668367558863796,-0.12636650862753357,0.42963508109097676
1726406935561053200,40.77205322265625,-1.6594810628042385,0.17681588357988018,-0.7134583652920745,0.09311725555375423,0.6662366495399736,-0.12586550078630343,0.42816487164622835
1726406935571051300,40.78205126953125,-1.663370687091235,0.17515421310870102,-0.7151422749219435,0.09195062978885966,0.6649420416349867,-0.1254780312089481,0.42509144451441794
1726406935581048300,40.79204833984375,-1.664763804185473,0.1726446818720585,-0.7162611094146354,0.08975913062796366,0.6645791064358307,-0.12449332492121717,0.42005596217536173
1726406935591045400,40.80204541015625,-1.6655422113513556,0.16998940381720523,-0.7172256780490577,0.08813186493502974,0.6645320952716743,-0.12283363209039237,0.41383735151100304
